,cluster,nodes_lat,nodes_lon
0,3,40.0,-180.0
1,3,40.0,-177.5
2,3,40.0,-175.0
3,3,40.0,-172.5
4,3,40.0,-170.0
5,3,40.0,-167.5
6,3,40.0,-165.0
7,3,40.0,-162.5
8,3,40.0,-160.0
9,3,40.0,-157.5
10,3,40.0,-155.0
11,3,40.0,-152.5
12,3,40.0,-150.0
13,3,40.0,-147.5
14,3,40.0,-145.0
15,3,40.0,-142.5
16,5,40.0,-140.0
17,5,40.0,-137.5
18,5,40.0,-135.0
19,5,40.0,-132.5
20,5,40.0,-130.0
21,5,40.0,-127.5
22,5,40.0,-125.0
23,5,40.0,-122.5
24,5,40.0,-120.0
25,5,40.0,-117.5
26,3,40.0,-115.0
27,3,40.0,-112.5
28,3,40.0,-110.0
29,3,40.0,-107.5
30,3,40.0,-105.0
31,3,40.0,-102.5
32,3,40.0,-100.0
33,3,40.0,-97.5
34,3,40.0,-95.0
35,3,40.0,-92.5
36,3,40.0,-90.0
37,3,40.0,-87.5
38,3,40.0,-85.0
39,3,40.0,-82.5
40,3,40.0,-80.0
41,3,40.0,-77.5
42,3,40.0,-75.0
43,3,40.0,-72.5
44,3,40.0,-70.0
45,3,40.0,-67.5
46,3,40.0,-65.0
47,3,40.0,-62.5
48,3,40.0,-60.0
49,3,40.0,-57.5
50,3,40.0,-55.0
51,3,40.0,-52.5
52,3,40.0,-50.0
53,3,40.0,-47.5
54,3,40.0,-45.0
55,3,40.0,-42.5
56,3,40.0,-40.0
57,3,40.0,-37.5
58,3,40.0,-35.0
59,3,40.0,-32.5
60,3,40.0,-30.0
61,3,40.0,-27.5
62,3,40.0,-25.0
63,3,40.0,-22.5
64,3,40.0,-20.0
65,3,40.0,-17.5
66,3,40.0,-15.0
67,3,40.0,-12.5
68,3,40.0,-10.0
69,3,40.0,-7.5
70,3,40.0,-5.0
71,3,40.0,-2.5
72,3,40.0,0.0
73,3,40.0,2.5
74,3,40.0,5.0
75,3,40.0,7.5
76,3,40.0,10.0
77,3,40.0,12.5
78,3,40.0,15.0
79,3,40.0,17.5
80,3,40.0,20.0
81,3,40.0,22.5
82,3,40.0,25.0
83,3,40.0,27.5
84,3,40.0,30.0
85,3,40.0,32.5
86,3,40.0,35.0
87,3,40.0,37.5
88,3,40.0,40.0
89,3,40.0,42.5
90,3,40.0,45.0
91,3,40.0,47.5
92,3,40.0,50.0
93,3,40.0,52.5
94,3,40.0,55.0
95,3,40.0,57.5
96,3,40.0,60.0
97,3,40.0,62.5
98,3,40.0,65.0
99,3,40.0,67.5
100,3,40.0,70.0
101,3,40.0,72.5
102,3,40.0,75.0
103,3,40.0,77.5
104,3,40.0,80.0
105,3,40.0,82.5
106,3,40.0,85.0
107,3,40.0,87.5
108,3,40.0,90.0
109,3,40.0,92.5
110,3,40.0,95.0
111,3,40.0,97.5
112,3,40.0,100.0
113,3,40.0,102.5
114,3,40.0,105.0
115,3,40.0,107.5
116,3,40.0,110.0
117,3,40.0,112.5
118,3,40.0,115.0
119,3,40.0,117.5
120,3,40.0,120.0
121,3,40.0,122.5
122,3,40.0,125.0
123,3,40.0,127.5
124,3,40.0,130.0
125,3,40.0,132.5
126,3,40.0,135.0
127,5,40.0,137.5
128,5,40.0,140.0
129,5,40.0,142.5
130,5,40.0,145.0
131,5,40.0,147.5
132,5,40.0,150.0
133,5,40.0,152.5
134,5,40.0,155.0
135,5,40.0,157.5
136,5,40.0,160.0
137,5,40.0,162.5
138,5,40.0,165.0
139,5,40.0,167.5
140,5,40.0,170.0
141,5,40.0,172.5
142,5,40.0,175.0
143,5,40.0,177.5
144,3,37.5,-180.0
145,3,37.5,-177.5
146,3,37.5,-175.0
147,3,37.5,-172.5
148,3,37.5,-170.0
149,3,37.5,-167.5
150,3,37.5,-165.0
151,3,37.5,-162.5
152,3,37.5,-160.0
153,3,37.5,-157.5
154,3,37.5,-155.0
155,3,37.5,-152.5
156,3,37.5,-150.0
157,3,37.5,-147.5
158,3,37.5,-145.0
159,5,37.5,-142.5
160,3,37.5,-140.0
161,5,37.5,-137.5
162,5,37.5,-135.0
163,5,37.5,-132.5
164,5,37.5,-130.0
165,5,37.5,-127.5
166,5,37.5,-125.0
167,5,37.5,-122.5
168,5,37.5,-120.0
169,3,37.5,-117.5
170,3,37.5,-115.0
171,3,37.5,-112.5
172,3,37.5,-110.0
173,3,37.5,-107.5
174,3,37.5,-105.0
175,3,37.5,-102.5
176,3,37.5,-100.0
177,3,37.5,-97.5
178,3,37.5,-95.0
179,3,37.5,-92.5
180,3,37.5,-90.0
181,3,37.5,-87.5
182,3,37.5,-85.0
183,3,37.5,-82.5
184,3,37.5,-80.0
185,3,37.5,-77.5
186,3,37.5,-75.0
187,3,37.5,-72.5
188,3,37.5,-70.0
189,3,37.5,-67.5
190,3,37.5,-65.0
191,3,37.5,-62.5
192,3,37.5,-60.0
193,3,37.5,-57.5
194,3,37.5,-55.0
195,3,37.5,-52.5
196,3,37.5,-50.0
197,3,37.5,-47.5
198,3,37.5,-45.0
199,3,37.5,-42.5
200,3,37.5,-40.0
201,3,37.5,-37.5
202,3,37.5,-35.0
203,3,37.5,-32.5
204,3,37.5,-30.0
205,3,37.5,-27.5
206,3,37.5,-25.0
207,3,37.5,-22.5
208,3,37.5,-20.0
209,3,37.5,-17.5
210,3,37.5,-15.0
211,3,37.5,-12.5
212,3,37.5,-10.0
213,3,37.5,-7.5
214,3,37.5,-5.0
215,3,37.5,-2.5
216,3,37.5,0.0
217,3,37.5,2.5
218,3,37.5,5.0
219,3,37.5,7.5
220,3,37.5,10.0
221,3,37.5,12.5
222,3,37.5,15.0
223,3,37.5,17.5
224,3,37.5,20.0
225,3,37.5,22.5
226,3,37.5,25.0
227,3,37.5,27.5
228,3,37.5,30.0
229,3,37.5,32.5
230,3,37.5,35.0
231,3,37.5,37.5
232,3,37.5,40.0
233,3,37.5,42.5
234,3,37.5,45.0
235,3,37.5,47.5
236,3,37.5,50.0
237,3,37.5,52.5
238,3,37.5,55.0
239,3,37.5,57.5
240,3,37.5,60.0
241,3,37.5,62.5
242,3,37.5,65.0
243,3,37.5,67.5
244,3,37.5,70.0
245,3,37.5,72.5
246,3,37.5,75.0
247,3,37.5,77.5
248,3,37.5,80.0
249,3,37.5,82.5
250,3,37.5,85.0
251,3,37.5,87.5
252,3,37.5,90.0
253,3,37.5,92.5
254,3,37.5,95.0
255,3,37.5,97.5
256,3,37.5,100.0
257,5,37.5,102.5
258,3,37.5,105.0
259,3,37.5,107.5
260,3,37.5,110.0
261,3,37.5,112.5
262,3,37.5,115.0
263,3,37.5,117.5
264,3,37.5,120.0
265,3,37.5,122.5
266,3,37.5,125.0
267,3,37.5,127.5
268,3,37.5,130.0
269,3,37.5,132.5
270,3,37.5,135.0
271,5,37.5,137.5
272,5,37.5,140.0
273,5,37.5,142.5
274,5,37.5,145.0
275,5,37.5,147.5
276,5,37.5,150.0
277,5,37.5,152.5
278,5,37.5,155.0
279,5,37.5,157.5
280,5,37.5,160.0
281,5,37.5,162.5
282,5,37.5,165.0
283,5,37.5,167.5
284,5,37.5,170.0
285,5,37.5,172.5
286,5,37.5,175.0
287,5,37.5,177.5
288,5,35.0,-180.0
289,5,35.0,-177.5
290,5,35.0,-175.0
291,5,35.0,-172.5
292,5,35.0,-170.0
293,5,35.0,-167.5
294,5,35.0,-165.0
295,3,35.0,-162.5
296,5,35.0,-160.0
297,3,35.0,-157.5
298,5,35.0,-155.0
299,5,35.0,-152.5
300,3,35.0,-150.0
301,3,35.0,-147.5
302,3,35.0,-145.0
303,3,35.0,-142.5
304,3,35.0,-140.0
305,5,35.0,-137.5
306,5,35.0,-135.0
307,5,35.0,-132.5
308,5,35.0,-130.0
309,5,35.0,-127.5
310,5,35.0,-125.0
311,5,35.0,-122.5
312,3,35.0,-120.0
313,3,35.0,-117.5
314,3,35.0,-115.0
315,3,35.0,-112.5
316,3,35.0,-110.0
317,3,35.0,-107.5
318,3,35.0,-105.0
319,3,35.0,-102.5
320,3,35.0,-100.0
321,3,35.0,-97.5
322,3,35.0,-95.0
323,3,35.0,-92.5
324,3,35.0,-90.0
325,3,35.0,-87.5
326,3,35.0,-85.0
327,3,35.0,-82.5
328,3,35.0,-80.0
329,3,35.0,-77.5
330,3,35.0,-75.0
331,3,35.0,-72.5
332,3,35.0,-70.0
333,3,35.0,-67.5
334,3,35.0,-65.0
335,3,35.0,-62.5
336,3,35.0,-60.0
337,3,35.0,-57.5
338,3,35.0,-55.0
339,3,35.0,-52.5
340,3,35.0,-50.0
341,3,35.0,-47.5
342,3,35.0,-45.0
343,3,35.0,-42.5
344,3,35.0,-40.0
345,3,35.0,-37.5
346,3,35.0,-35.0
347,3,35.0,-32.5
348,3,35.0,-30.0
349,3,35.0,-27.5
350,3,35.0,-25.0
351,3,35.0,-22.5
352,3,35.0,-20.0
353,3,35.0,-17.5
354,3,35.0,-15.0
355,3,35.0,-12.5
356,3,35.0,-10.0
357,3,35.0,-7.5
358,3,35.0,-5.0
359,3,35.0,-2.5
360,3,35.0,0.0
361,3,35.0,2.5
362,3,35.0,5.0
363,3,35.0,7.5
364,3,35.0,10.0
365,3,35.0,12.5
366,3,35.0,15.0
367,3,35.0,17.5
368,3,35.0,20.0
369,3,35.0,22.5
370,3,35.0,25.0
371,3,35.0,27.5
372,3,35.0,30.0
373,3,35.0,32.5
374,3,35.0,35.0
375,3,35.0,37.5
376,3,35.0,40.0
377,3,35.0,42.5
378,3,35.0,45.0
379,3,35.0,47.5
380,3,35.0,50.0
381,3,35.0,52.5
382,3,35.0,55.0
383,3,35.0,57.5
384,3,35.0,60.0
385,3,35.0,62.5
386,3,35.0,65.0
387,3,35.0,67.5
388,3,35.0,70.0
389,3,35.0,72.5
390,3,35.0,75.0
391,3,35.0,77.5
392,3,35.0,80.0
393,3,35.0,82.5
394,3,35.0,85.0
395,3,35.0,87.5
396,3,35.0,90.0
397,3,35.0,92.5
398,3,35.0,95.0
399,5,35.0,97.5
400,5,35.0,100.0
401,5,35.0,102.5
402,3,35.0,105.0
403,3,35.0,107.5
404,3,35.0,110.0
405,3,35.0,112.5
406,3,35.0,115.0
407,3,35.0,117.5
408,3,35.0,120.0
409,3,35.0,122.5
410,3,35.0,125.0
411,3,35.0,127.5
412,3,35.0,130.0
413,3,35.0,132.5
414,3,35.0,135.0
415,3,35.0,137.5
416,3,35.0,140.0
417,3,35.0,142.5
418,5,35.0,145.0
419,5,35.0,147.5
420,5,35.0,150.0
421,5,35.0,152.5
422,5,35.0,155.0
423,5,35.0,157.5
424,5,35.0,160.0
425,5,35.0,162.5
426,5,35.0,165.0
427,5,35.0,167.5
428,5,35.0,170.0
429,5,35.0,172.5
430,5,35.0,175.0
431,5,35.0,177.5
432,5,32.5,-180.0
433,5,32.5,-177.5
434,5,32.5,-175.0
435,5,32.5,-172.5
436,5,32.5,-170.0
437,5,32.5,-167.5
438,5,32.5,-165.0
439,5,32.5,-162.5
440,5,32.5,-160.0
441,5,32.5,-157.5
442,5,32.5,-155.0
443,5,32.5,-152.5
444,3,32.5,-150.0
445,3,32.5,-147.5
446,3,32.5,-145.0
447,3,32.5,-142.5
448,3,32.5,-140.0
449,3,32.5,-137.5
450,3,32.5,-135.0
451,3,32.5,-132.5
452,3,32.5,-130.0
453,3,32.5,-127.5
454,3,32.5,-125.0
455,3,32.5,-122.5
456,3,32.5,-120.0
457,3,32.5,-117.5
458,3,32.5,-115.0
459,3,32.5,-112.5
460,3,32.5,-110.0
461,3,32.5,-107.5
462,3,32.5,-105.0
463,3,32.5,-102.5
464,3,32.5,-100.0
465,3,32.5,-97.5
466,3,32.5,-95.0
467,3,32.5,-92.5
468,3,32.5,-90.0
469,3,32.5,-87.5
470,3,32.5,-85.0
471,3,32.5,-82.5
472,3,32.5,-80.0
473,3,32.5,-77.5
474,3,32.5,-75.0
475,3,32.5,-72.5
476,3,32.5,-70.0
477,3,32.5,-67.5
478,3,32.5,-65.0
479,3,32.5,-62.5
480,3,32.5,-60.0
481,3,32.5,-57.5
482,3,32.5,-55.0
483,3,32.5,-52.5
484,3,32.5,-50.0
485,3,32.5,-47.5
486,3,32.5,-45.0
487,3,32.5,-42.5
488,3,32.5,-40.0
489,3,32.5,-37.5
490,3,32.5,-35.0
491,3,32.5,-32.5
492,3,32.5,-30.0
493,3,32.5,-27.5
494,3,32.5,-25.0
495,3,32.5,-22.5
496,3,32.5,-20.0
497,3,32.5,-17.5
498,3,32.5,-15.0
499,3,32.5,-12.5
500,3,32.5,-10.0
501,3,32.5,-7.5
502,3,32.5,-5.0
503,3,32.5,-2.5
504,3,32.5,0.0
505,3,32.5,2.5
506,3,32.5,5.0
507,3,32.5,7.5
508,3,32.5,10.0
509,3,32.5,12.5
510,3,32.5,15.0
511,3,32.5,17.5
512,3,32.5,20.0
513,3,32.5,22.5
514,3,32.5,25.0
515,3,32.5,27.5
516,3,32.5,30.0
517,3,32.5,32.5
518,3,32.5,35.0
519,3,32.5,37.5
520,3,32.5,40.0
521,3,32.5,42.5
522,3,32.5,45.0
523,3,32.5,47.5
524,3,32.5,50.0
525,3,32.5,52.5
526,3,32.5,55.0
527,3,32.5,57.5
528,3,32.5,60.0
529,3,32.5,62.5
530,3,32.5,65.0
531,3,32.5,67.5
532,3,32.5,70.0
533,3,32.5,72.5
534,3,32.5,75.0
535,3,32.5,77.5
536,3,32.5,80.0
537,3,32.5,82.5
538,3,32.5,85.0
539,3,32.5,87.5
540,3,32.5,90.0
541,3,32.5,92.5
542,5,32.5,95.0
543,5,32.5,97.5
544,3,32.5,100.0
545,5,32.5,102.5
546,5,32.5,105.0
547,3,32.5,107.5
548,3,32.5,110.0
549,3,32.5,112.5
550,3,32.5,115.0
551,3,32.5,117.5
552,3,32.5,120.0
553,3,32.5,122.5
554,3,32.5,125.0
555,3,32.5,127.5
556,3,32.5,130.0
557,3,32.5,132.5
558,3,32.5,135.0
559,3,32.5,137.5
560,3,32.5,140.0
561,3,32.5,142.5
562,3,32.5,145.0
563,3,32.5,147.5
564,5,32.5,150.0
565,5,32.5,152.5
566,5,32.5,155.0
567,5,32.5,157.5
568,5,32.5,160.0
569,5,32.5,162.5
570,5,32.5,165.0
571,5,32.5,167.5
572,5,32.5,170.0
573,5,32.5,172.5
574,5,32.5,175.0
575,5,32.5,177.5
576,5,30.0,-180.0
577,5,30.0,-177.5
578,5,30.0,-175.0
579,5,30.0,-172.5
580,5,30.0,-170.0
581,5,30.0,-167.5
582,5,30.0,-165.0
583,5,30.0,-162.5
584,5,30.0,-160.0
585,5,30.0,-157.5
586,5,30.0,-155.0
587,5,30.0,-152.5
588,3,30.0,-150.0
589,3,30.0,-147.5
590,3,30.0,-145.0
591,3,30.0,-142.5
592,3,30.0,-140.0
593,3,30.0,-137.5
594,3,30.0,-135.0
595,3,30.0,-132.5
596,3,30.0,-130.0
597,3,30.0,-127.5
598,3,30.0,-125.0
599,3,30.0,-122.5
600,3,30.0,-120.0
601,3,30.0,-117.5
602,3,30.0,-115.0
603,3,30.0,-112.5
604,3,30.0,-110.0
605,3,30.0,-107.5
606,3,30.0,-105.0
607,3,30.0,-102.5
608,3,30.0,-100.0
609,3,30.0,-97.5
610,3,30.0,-95.0
611,3,30.0,-92.5
612,3,30.0,-90.0
613,3,30.0,-87.5
614,3,30.0,-85.0
615,3,30.0,-82.5
616,3,30.0,-80.0
617,3,30.0,-77.5
618,3,30.0,-75.0
619,3,30.0,-72.5
620,3,30.0,-70.0
621,3,30.0,-67.5
622,3,30.0,-65.0
623,3,30.0,-62.5
624,3,30.0,-60.0
625,3,30.0,-57.5
626,3,30.0,-55.0
627,3,30.0,-52.5
628,3,30.0,-50.0
629,3,30.0,-47.5
630,3,30.0,-45.0
631,3,30.0,-42.5
632,3,30.0,-40.0
633,3,30.0,-37.5
634,3,30.0,-35.0
635,3,30.0,-32.5
636,3,30.0,-30.0
637,3,30.0,-27.5
638,3,30.0,-25.0
639,3,30.0,-22.5
640,3,30.0,-20.0
641,3,30.0,-17.5
642,3,30.0,-15.0
643,3,30.0,-12.5
644,3,30.0,-10.0
645,3,30.0,-7.5
646,3,30.0,-5.0
647,3,30.0,-2.5
648,3,30.0,0.0
649,3,30.0,2.5
650,3,30.0,5.0
651,3,30.0,7.5
652,3,30.0,10.0
653,5,30.0,12.5
654,3,30.0,15.0
655,3,30.0,17.5
656,3,30.0,20.0
657,3,30.0,22.5
658,3,30.0,25.0
659,3,30.0,27.5
660,3,30.0,30.0
661,3,30.0,32.5
662,3,30.0,35.0
663,3,30.0,37.5
664,3,30.0,40.0
665,3,30.0,42.5
666,3,30.0,45.0
667,3,30.0,47.5
668,3,30.0,50.0
669,3,30.0,52.5
670,3,30.0,55.0
671,3,30.0,57.5
672,3,30.0,60.0
673,3,30.0,62.5
674,3,30.0,65.0
675,3,30.0,67.5
676,3,30.0,70.0
677,3,30.0,72.5
678,3,30.0,75.0
679,3,30.0,77.5
680,3,30.0,80.0
681,3,30.0,82.5
682,3,30.0,85.0
683,3,30.0,87.5
684,3,30.0,90.0
685,3,30.0,92.5
686,5,30.0,95.0
687,3,30.0,97.5
688,5,30.0,100.0
689,5,30.0,102.5
690,5,30.0,105.0
691,5,30.0,107.5
692,3,30.0,110.0
693,3,30.0,112.5
694,3,30.0,115.0
695,3,30.0,117.5
696,3,30.0,120.0
697,3,30.0,122.5
698,3,30.0,125.0
699,3,30.0,127.5
700,3,30.0,130.0
701,5,30.0,132.5
702,5,30.0,135.0
703,5,30.0,137.5
704,5,30.0,140.0
705,5,30.0,142.5
706,5,30.0,145.0
707,5,30.0,147.5
708,5,30.0,150.0
709,5,30.0,152.5
710,5,30.0,155.0
711,5,30.0,157.5
712,5,30.0,160.0
713,5,30.0,162.5
714,5,30.0,165.0
715,5,30.0,167.5
716,5,30.0,170.0
717,5,30.0,172.5
718,5,30.0,175.0
719,5,30.0,177.5
720,5,27.5,-180.0
721,5,27.5,-177.5
722,5,27.5,-175.0
723,5,27.5,-172.5
724,5,27.5,-170.0
725,5,27.5,-167.5
726,5,27.5,-165.0
727,5,27.5,-162.5
728,5,27.5,-160.0
729,5,27.5,-157.5
730,5,27.5,-155.0
731,5,27.5,-152.5
732,5,27.5,-150.0
733,5,27.5,-147.5
734,3,27.5,-145.0
735,5,27.5,-142.5
736,3,27.5,-140.0
737,3,27.5,-137.5
738,3,27.5,-135.0
739,3,27.5,-132.5
740,3,27.5,-130.0
741,3,27.5,-127.5
742,3,27.5,-125.0
743,3,27.5,-122.5
744,3,27.5,-120.0
745,3,27.5,-117.5
746,3,27.5,-115.0
747,3,27.5,-112.5
748,3,27.5,-110.0
749,3,27.5,-107.5
750,3,27.5,-105.0
751,3,27.5,-102.5
752,3,27.5,-100.0
753,3,27.5,-97.5
754,3,27.5,-95.0
755,3,27.5,-92.5
756,3,27.5,-90.0
757,3,27.5,-87.5
758,3,27.5,-85.0
759,3,27.5,-82.5
760,3,27.5,-80.0
761,3,27.5,-77.5
762,3,27.5,-75.0
763,3,27.5,-72.5
764,3,27.5,-70.0
765,3,27.5,-67.5
766,3,27.5,-65.0
767,3,27.5,-62.5
768,3,27.5,-60.0
769,3,27.5,-57.5
770,3,27.5,-55.0
771,3,27.5,-52.5
772,3,27.5,-50.0
773,3,27.5,-47.5
774,3,27.5,-45.0
775,3,27.5,-42.5
776,3,27.5,-40.0
777,3,27.5,-37.5
778,3,27.5,-35.0
779,3,27.5,-32.5
780,3,27.5,-30.0
781,3,27.5,-27.5
782,3,27.5,-25.0
783,3,27.5,-22.5
784,3,27.5,-20.0
785,5,27.5,-17.5
786,5,27.5,-15.0
787,5,27.5,-12.5
788,5,27.5,-10.0
789,5,27.5,-7.5
790,5,27.5,-5.0
791,5,27.5,-2.5
792,5,27.5,0.0
793,5,27.5,2.5
794,5,27.5,5.0
795,5,27.5,7.5
796,5,27.5,10.0
797,3,27.5,12.5
798,3,27.5,15.0
799,3,27.5,17.5
800,3,27.5,20.0
801,3,27.5,22.5
802,3,27.5,25.0
803,3,27.5,27.5
804,3,27.5,30.0
805,3,27.5,32.5
806,3,27.5,35.0
807,3,27.5,37.5
808,3,27.5,40.0
809,3,27.5,42.5
810,3,27.5,45.0
811,3,27.5,47.5
812,3,27.5,50.0
813,3,27.5,52.5
814,3,27.5,55.0
815,3,27.5,57.5
816,3,27.5,60.0
817,3,27.5,62.5
818,3,27.5,65.0
819,3,27.5,67.5
820,3,27.5,70.0
821,3,27.5,72.5
822,3,27.5,75.0
823,3,27.5,77.5
824,3,27.5,80.0
825,3,27.5,82.5
826,3,27.5,85.0
827,3,27.5,87.5
828,3,27.5,90.0
829,3,27.5,92.5
830,3,27.5,95.0
831,3,27.5,97.5
832,3,27.5,100.0
833,3,27.5,102.5
834,3,27.5,105.0
835,3,27.5,107.5
836,3,27.5,110.0
837,3,27.5,112.5
838,3,27.5,115.0
839,3,27.5,117.5
840,3,27.5,120.0
841,5,27.5,122.5
842,5,27.5,125.0
843,5,27.5,127.5
844,5,27.5,130.0
845,5,27.5,132.5
846,5,27.5,135.0
847,5,27.5,137.5
848,5,27.5,140.0
849,5,27.5,142.5
850,5,27.5,145.0
851,5,27.5,147.5
852,5,27.5,150.0
853,5,27.5,152.5
854,5,27.5,155.0
855,5,27.5,157.5
856,5,27.5,160.0
857,5,27.5,162.5
858,5,27.5,165.0
859,5,27.5,167.5
860,5,27.5,170.0
861,5,27.5,172.5
862,5,27.5,175.0
863,5,27.5,177.5
864,5,25.0,-180.0
865,5,25.0,-177.5
866,5,25.0,-175.0
867,5,25.0,-172.5
868,5,25.0,-170.0
869,5,25.0,-167.5
870,5,25.0,-165.0
871,5,25.0,-162.5
872,5,25.0,-160.0
873,5,25.0,-157.5
874,5,25.0,-155.0
875,5,25.0,-152.5
876,5,25.0,-150.0
877,5,25.0,-147.5
878,5,25.0,-145.0
879,5,25.0,-142.5
880,5,25.0,-140.0
881,5,25.0,-137.5
882,6,25.0,-135.0
883,6,25.0,-132.5
884,6,25.0,-130.0
885,6,25.0,-127.5
886,6,25.0,-125.0
887,3,25.0,-122.5
888,3,25.0,-120.0
889,3,25.0,-117.5
890,3,25.0,-115.0
891,3,25.0,-112.5
892,3,25.0,-110.0
893,3,25.0,-107.5
894,3,25.0,-105.0
895,3,25.0,-102.5
896,3,25.0,-100.0
897,3,25.0,-97.5
898,3,25.0,-95.0
899,3,25.0,-92.5
900,3,25.0,-90.0
901,3,25.0,-87.5
902,3,25.0,-85.0
903,3,25.0,-82.5
904,3,25.0,-80.0
905,3,25.0,-77.5
906,3,25.0,-75.0
907,3,25.0,-72.5
908,3,25.0,-70.0
909,3,25.0,-67.5
910,3,25.0,-65.0
911,3,25.0,-62.5
912,3,25.0,-60.0
913,3,25.0,-57.5
914,3,25.0,-55.0
915,3,25.0,-52.5
916,3,25.0,-50.0
917,3,25.0,-47.5
918,3,25.0,-45.0
919,3,25.0,-42.5
920,3,25.0,-40.0
921,3,25.0,-37.5
922,3,25.0,-35.0
923,3,25.0,-32.5
924,3,25.0,-30.0
925,3,25.0,-27.5
926,5,25.0,-25.0
927,5,25.0,-22.5
928,5,25.0,-20.0
929,5,25.0,-17.5
930,5,25.0,-15.0
931,5,25.0,-12.5
932,5,25.0,-10.0
933,5,25.0,-7.5
934,5,25.0,-5.0
935,5,25.0,-2.5
936,5,25.0,0.0
937,5,25.0,2.5
938,5,25.0,5.0
939,3,25.0,7.5
940,3,25.0,10.0
941,3,25.0,12.5
942,3,25.0,15.0
943,3,25.0,17.5
944,3,25.0,20.0
945,3,25.0,22.5
946,3,25.0,25.0
947,3,25.0,27.5
948,3,25.0,30.0
949,3,25.0,32.5
950,3,25.0,35.0
951,3,25.0,37.5
952,3,25.0,40.0
953,3,25.0,42.5
954,3,25.0,45.0
955,3,25.0,47.5
956,3,25.0,50.0
957,3,25.0,52.5
958,3,25.0,55.0
959,3,25.0,57.5
960,3,25.0,60.0
961,3,25.0,62.5
962,3,25.0,65.0
963,3,25.0,67.5
964,3,25.0,70.0
965,3,25.0,72.5
966,3,25.0,75.0
967,3,25.0,77.5
968,3,25.0,80.0
969,3,25.0,82.5
970,3,25.0,85.0
971,3,25.0,87.5
972,3,25.0,90.0
973,3,25.0,92.5
974,3,25.0,95.0
975,3,25.0,97.5
976,3,25.0,100.0
977,3,25.0,102.5
978,3,25.0,105.0
979,3,25.0,107.5
980,3,25.0,110.0
981,3,25.0,112.5
982,3,25.0,115.0
983,3,25.0,117.5
984,3,25.0,120.0
985,5,25.0,122.5
986,5,25.0,125.0
987,5,25.0,127.5
988,5,25.0,130.0
989,5,25.0,132.5
990,5,25.0,135.0
991,5,25.0,137.5
992,5,25.0,140.0
993,5,25.0,142.5
994,5,25.0,145.0
995,4,25.0,147.5
996,4,25.0,150.0
997,4,25.0,152.5
998,4,25.0,155.0
999,4,25.0,157.5
1000,4,25.0,160.0
1001,5,25.0,162.5
1002,5,25.0,165.0
1003,5,25.0,167.5
1004,5,25.0,170.0
1005,5,25.0,172.5
1006,5,25.0,175.0
1007,5,25.0,177.5
1008,5,22.5,-180.0
1009,5,22.5,-177.5
1010,5,22.5,-175.0
1011,5,22.5,-172.5
1012,5,22.5,-170.0
1013,6,22.5,-167.5
1014,6,22.5,-165.0
1015,6,22.5,-162.5
1016,6,22.5,-160.0
1017,6,22.5,-157.5
1018,6,22.5,-155.0
1019,6,22.5,-152.5
1020,6,22.5,-150.0
1021,6,22.5,-147.5
1022,6,22.5,-145.0
1023,6,22.5,-142.5
1024,6,22.5,-140.0
1025,6,22.5,-137.5
1026,6,22.5,-135.0
1027,6,22.5,-132.5
1028,6,22.5,-130.0
1029,6,22.5,-127.5
1030,6,22.5,-125.0
1031,6,22.5,-122.5
1032,6,22.5,-120.0
1033,6,22.5,-117.5
1034,3,22.5,-115.0
1035,3,22.5,-112.5
1036,3,22.5,-110.0
1037,3,22.5,-107.5
1038,3,22.5,-105.0
1039,3,22.5,-102.5
1040,3,22.5,-100.0
1041,3,22.5,-97.5
1042,3,22.5,-95.0
1043,3,22.5,-92.5
1044,3,22.5,-90.0
1045,3,22.5,-87.5
1046,3,22.5,-85.0
1047,3,22.5,-82.5
1048,3,22.5,-80.0
1049,3,22.5,-77.5
1050,3,22.5,-75.0
1051,3,22.5,-72.5
1052,3,22.5,-70.0
1053,3,22.5,-67.5
1054,3,22.5,-65.0
1055,3,22.5,-62.5
1056,3,22.5,-60.0
1057,5,22.5,-57.5
1058,5,22.5,-55.0
1059,5,22.5,-52.5
1060,3,22.5,-50.0
1061,3,22.5,-47.5
1062,3,22.5,-45.0
1063,5,22.5,-42.5
1064,5,22.5,-40.0
1065,5,22.5,-37.5
1066,5,22.5,-35.0
1067,5,22.5,-32.5
1068,5,22.5,-30.0
1069,5,22.5,-27.5
1070,5,22.5,-25.0
1071,5,22.5,-22.5
1072,5,22.5,-20.0
1073,5,22.5,-17.5
1074,5,22.5,-15.0
1075,5,22.5,-12.5
1076,5,22.5,-10.0
1077,5,22.5,-7.5
1078,5,22.5,-5.0
1079,5,22.5,-2.5
1080,5,22.5,0.0
1081,3,22.5,2.5
1082,3,22.5,5.0
1083,3,22.5,7.5
1084,3,22.5,10.0
1085,3,22.5,12.5
1086,3,22.5,15.0
1087,3,22.5,17.5
1088,3,22.5,20.0
1089,3,22.5,22.5
1090,3,22.5,25.0
1091,3,22.5,27.5
1092,3,22.5,30.0
1093,3,22.5,32.5
1094,3,22.5,35.0
1095,3,22.5,37.5
1096,3,22.5,40.0
1097,3,22.5,42.5
1098,3,22.5,45.0
1099,3,22.5,47.5
1100,3,22.5,50.0
1101,3,22.5,52.5
1102,3,22.5,55.0
1103,3,22.5,57.5
1104,3,22.5,60.0
1105,3,22.5,62.5
1106,3,22.5,65.0
1107,3,22.5,67.5
1108,3,22.5,70.0
1109,3,22.5,72.5
1110,3,22.5,75.0
1111,3,22.5,77.5
1112,3,22.5,80.0
1113,3,22.5,82.5
1114,3,22.5,85.0
1115,3,22.5,87.5
1116,3,22.5,90.0
1117,3,22.5,92.5
1118,3,22.5,95.0
1119,3,22.5,97.5
1120,3,22.5,100.0
1121,3,22.5,102.5
1122,3,22.5,105.0
1123,3,22.5,107.5
1124,3,22.5,110.0
1125,3,22.5,112.5
1126,5,22.5,115.0
1127,5,22.5,117.5
1128,5,22.5,120.0
1129,5,22.5,122.5
1130,5,22.5,125.0
1131,5,22.5,127.5
1132,5,22.5,130.0
1133,4,22.5,132.5
1134,4,22.5,135.0
1135,4,22.5,137.5
1136,4,22.5,140.0
1137,4,22.5,142.5
1138,4,22.5,145.0
1139,4,22.5,147.5
1140,4,22.5,150.0
1141,4,22.5,152.5
1142,4,22.5,155.0
1143,4,22.5,157.5
1144,4,22.5,160.0
1145,4,22.5,162.5
1146,4,22.5,165.0
1147,5,22.5,167.5
1148,5,22.5,170.0
1149,5,22.5,172.5
1150,5,22.5,175.0
1151,5,22.5,177.5
1152,6,20.0,-180.0
1153,6,20.0,-177.5
1154,6,20.0,-175.0
1155,6,20.0,-172.5
1156,6,20.0,-170.0
1157,6,20.0,-167.5
1158,6,20.0,-165.0
1159,6,20.0,-162.5
1160,6,20.0,-160.0
1161,6,20.0,-157.5
1162,6,20.0,-155.0
1163,6,20.0,-152.5
1164,6,20.0,-150.0
1165,6,20.0,-147.5
1166,6,20.0,-145.0
1167,6,20.0,-142.5
1168,6,20.0,-140.0
1169,6,20.0,-137.5
1170,6,20.0,-135.0
1171,6,20.0,-132.5
1172,6,20.0,-130.0
1173,6,20.0,-127.5
1174,6,20.0,-125.0
1175,6,20.0,-122.5
1176,6,20.0,-120.0
1177,6,20.0,-117.5
1178,6,20.0,-115.0
1179,3,20.0,-112.5
1180,3,20.0,-110.0
1181,3,20.0,-107.5
1182,3,20.0,-105.0
1183,3,20.0,-102.5
1184,3,20.0,-100.0
1185,3,20.0,-97.5
1186,3,20.0,-95.0
1187,3,20.0,-92.5
1188,3,20.0,-90.0
1189,3,20.0,-87.5
1190,3,20.0,-85.0
1191,3,20.0,-82.5
1192,3,20.0,-80.0
1193,3,20.0,-77.5
1194,3,20.0,-75.0
1195,3,20.0,-72.5
1196,5,20.0,-70.0
1197,5,20.0,-67.5
1198,5,20.0,-65.0
1199,5,20.0,-62.5
1200,5,20.0,-60.0
1201,5,20.0,-57.5
1202,5,20.0,-55.0
1203,5,20.0,-52.5
1204,5,20.0,-50.0
1205,5,20.0,-47.5
1206,5,20.0,-45.0
1207,5,20.0,-42.5
1208,5,20.0,-40.0
1209,5,20.0,-37.5
1210,5,20.0,-35.0
1211,5,20.0,-32.5
1212,5,20.0,-30.0
1213,5,20.0,-27.5
1214,5,20.0,-25.0
1215,5,20.0,-22.5
1216,5,20.0,-20.0
1217,5,20.0,-17.5
1218,5,20.0,-15.0
1219,5,20.0,-12.5
1220,5,20.0,-10.0
1221,5,20.0,-7.5
1222,3,20.0,-5.0
1223,3,20.0,-2.5
1224,3,20.0,0.0
1225,3,20.0,2.5
1226,3,20.0,5.0
1227,3,20.0,7.5
1228,3,20.0,10.0
1229,3,20.0,12.5
1230,3,20.0,15.0
1231,3,20.0,17.5
1232,3,20.0,20.0
1233,3,20.0,22.5
1234,3,20.0,25.0
1235,3,20.0,27.5
1236,3,20.0,30.0
1237,3,20.0,32.5
1238,3,20.0,35.0
1239,3,20.0,37.5
1240,3,20.0,40.0
1241,3,20.0,42.5
1242,3,20.0,45.0
1243,3,20.0,47.5
1244,3,20.0,50.0
1245,3,20.0,52.5
1246,3,20.0,55.0
1247,3,20.0,57.5
1248,3,20.0,60.0
1249,3,20.0,62.5
1250,3,20.0,65.0
1251,3,20.0,67.5
1252,3,20.0,70.0
1253,3,20.0,72.5
1254,3,20.0,75.0
1255,3,20.0,77.5
1256,3,20.0,80.0
1257,3,20.0,82.5
1258,3,20.0,85.0
1259,3,20.0,87.5
1260,5,20.0,90.0
1261,5,20.0,92.5
1262,5,20.0,95.0
1263,5,20.0,97.5
1264,5,20.0,100.0
1265,5,20.0,102.5
1266,5,20.0,105.0
1267,5,20.0,107.5
1268,5,20.0,110.0
1269,5,20.0,112.5
1270,5,20.0,115.0
1271,5,20.0,117.5
1272,4,20.0,120.0
1273,4,20.0,122.5
1274,4,20.0,125.0
1275,4,20.0,127.5
1276,4,20.0,130.0
1277,4,20.0,132.5
1278,4,20.0,135.0
1279,4,20.0,137.5
1280,4,20.0,140.0
1281,4,20.0,142.5
1282,4,20.0,145.0
1283,4,20.0,147.5
1284,4,20.0,150.0
1285,4,20.0,152.5
1286,4,20.0,155.0
1287,4,20.0,157.5
1288,4,20.0,160.0
1289,4,20.0,162.5
1290,4,20.0,165.0
1291,5,20.0,167.5
1292,5,20.0,170.0
1293,5,20.0,172.5
1294,5,20.0,175.0
1295,5,20.0,177.5
1296,6,17.5,-180.0
1297,6,17.5,-177.5
1298,6,17.5,-175.0
1299,6,17.5,-172.5
1300,6,17.5,-170.0
1301,6,17.5,-167.5
1302,6,17.5,-165.0
1303,6,17.5,-162.5
1304,6,17.5,-160.0
1305,6,17.5,-157.5
1306,6,17.5,-155.0
1307,6,17.5,-152.5
1308,6,17.5,-150.0
1309,6,17.5,-147.5
1310,6,17.5,-145.0
1311,6,17.5,-142.5
1312,6,17.5,-140.0
1313,6,17.5,-137.5
1314,6,17.5,-135.0
1315,6,17.5,-132.5
1316,6,17.5,-130.0
1317,6,17.5,-127.5
1318,6,17.5,-125.0
1319,6,17.5,-122.5
1320,6,17.5,-120.0
1321,6,17.5,-117.5
1322,3,17.5,-115.0
1323,3,17.5,-112.5
1324,3,17.5,-110.0
1325,3,17.5,-107.5
1326,3,17.5,-105.0
1327,3,17.5,-102.5
1328,3,17.5,-100.0
1329,3,17.5,-97.5
1330,3,17.5,-95.0
1331,3,17.5,-92.5
1332,3,17.5,-90.0
1333,3,17.5,-87.5
1334,3,17.5,-85.0
1335,3,17.5,-82.5
1336,3,17.5,-80.0
1337,5,17.5,-77.5
1338,5,17.5,-75.0
1339,5,17.5,-72.5
1340,5,17.5,-70.0
1341,5,17.5,-67.5
1342,5,17.5,-65.0
1343,5,17.5,-62.5
1344,5,17.5,-60.0
1345,5,17.5,-57.5
1346,5,17.5,-55.0
1347,5,17.5,-52.5
1348,5,17.5,-50.0
1349,5,17.5,-47.5
1350,5,17.5,-45.0
1351,5,17.5,-42.5
1352,5,17.5,-40.0
1353,5,17.5,-37.5
1354,5,17.5,-35.0
1355,5,17.5,-32.5
1356,5,17.5,-30.0
1357,5,17.5,-27.5
1358,5,17.5,-25.0
1359,5,17.5,-22.5
1360,5,17.5,-20.0
1361,5,17.5,-17.5
1362,5,17.5,-15.0
1363,5,17.5,-12.5
1364,5,17.5,-10.0
1365,3,17.5,-7.5
1366,3,17.5,-5.0
1367,3,17.5,-2.5
1368,3,17.5,0.0
1369,3,17.5,2.5
1370,3,17.5,5.0
1371,3,17.5,7.5
1372,3,17.5,10.0
1373,3,17.5,12.5
1374,3,17.5,15.0
1375,3,17.5,17.5
1376,3,17.5,20.0
1377,3,17.5,22.5
1378,3,17.5,25.0
1379,3,17.5,27.5
1380,3,17.5,30.0
1381,3,17.5,32.5
1382,3,17.5,35.0
1383,3,17.5,37.5
1384,3,17.5,40.0
1385,3,17.5,42.5
1386,3,17.5,45.0
1387,3,17.5,47.5
1388,3,17.5,50.0
1389,3,17.5,52.5
1390,3,17.5,55.0
1391,3,17.5,57.5
1392,3,17.5,60.0
1393,3,17.5,62.5
1394,3,17.5,65.0
1395,3,17.5,67.5
1396,3,17.5,70.0
1397,3,17.5,72.5
1398,3,17.5,75.0
1399,3,17.5,77.5
1400,3,17.5,80.0
1401,3,17.5,82.5
1402,3,17.5,85.0
1403,5,17.5,87.5
1404,5,17.5,90.0
1405,5,17.5,92.5
1406,5,17.5,95.0
1407,5,17.5,97.5
1408,5,17.5,100.0
1409,5,17.5,102.5
1410,5,17.5,105.0
1411,5,17.5,107.5
1412,4,17.5,110.0
1413,4,17.5,112.5
1414,4,17.5,115.0
1415,4,17.5,117.5
1416,4,17.5,120.0
1417,4,17.5,122.5
1418,4,17.5,125.0
1419,4,17.5,127.5
1420,4,17.5,130.0
1421,4,17.5,132.5
1422,4,17.5,135.0
1423,4,17.5,137.5
1424,4,17.5,140.0
1425,4,17.5,142.5
1426,4,17.5,145.0
1427,4,17.5,147.5
1428,4,17.5,150.0
1429,4,17.5,152.5
1430,4,17.5,155.0
1431,4,17.5,157.5
1432,4,17.5,160.0
1433,5,17.5,162.5
1434,5,17.5,165.0
1435,5,17.5,167.5
1436,6,17.5,170.0
1437,6,17.5,172.5
1438,6,17.5,175.0
1439,6,17.5,177.5
1440,6,15.0,-180.0
1441,6,15.0,-177.5
1442,6,15.0,-175.0
1443,6,15.0,-172.5
1444,6,15.0,-170.0
1445,6,15.0,-167.5
1446,6,15.0,-165.0
1447,6,15.0,-162.5
1448,6,15.0,-160.0
1449,6,15.0,-157.5
1450,6,15.0,-155.0
1451,6,15.0,-152.5
1452,6,15.0,-150.0
1453,6,15.0,-147.5
1454,6,15.0,-145.0
1455,6,15.0,-142.5
1456,6,15.0,-140.0
1457,6,15.0,-137.5
1458,6,15.0,-135.0
1459,6,15.0,-132.5
1460,6,15.0,-130.0
1461,6,15.0,-127.5
1462,6,15.0,-125.0
1463,6,15.0,-122.5
1464,6,15.0,-120.0
1465,6,15.0,-117.5
1466,3,15.0,-115.0
1467,3,15.0,-112.5
1468,3,15.0,-110.0
1469,3,15.0,-107.5
1470,3,15.0,-105.0
1471,3,15.0,-102.5
1472,3,15.0,-100.0
1473,3,15.0,-97.5
1474,3,15.0,-95.0
1475,5,15.0,-92.5
1476,3,15.0,-90.0
1477,5,15.0,-87.5
1478,5,15.0,-85.0
1479,5,15.0,-82.5
1480,5,15.0,-80.0
1481,5,15.0,-77.5
1482,5,15.0,-75.0
1483,5,15.0,-72.5
1484,5,15.0,-70.0
1485,5,15.0,-67.5
1486,5,15.0,-65.0
1487,5,15.0,-62.5
1488,5,15.0,-60.0
1489,5,15.0,-57.5
1490,5,15.0,-55.0
1491,5,15.0,-52.5
1492,5,15.0,-50.0
1493,5,15.0,-47.5
1494,5,15.0,-45.0
1495,5,15.0,-42.5
1496,5,15.0,-40.0
1497,5,15.0,-37.5
1498,5,15.0,-35.0
1499,5,15.0,-32.5
1500,5,15.0,-30.0
1501,5,15.0,-27.5
1502,5,15.0,-25.0
1503,5,15.0,-22.5
1504,5,15.0,-20.0
1505,5,15.0,-17.5
1506,5,15.0,-15.0
1507,3,15.0,-12.5
1508,3,15.0,-10.0
1509,3,15.0,-7.5
1510,3,15.0,-5.0
1511,3,15.0,-2.5
1512,3,15.0,0.0
1513,3,15.0,2.5
1514,3,15.0,5.0
1515,3,15.0,7.5
1516,3,15.0,10.0
1517,3,15.0,12.5
1518,3,15.0,15.0
1519,3,15.0,17.5
1520,3,15.0,20.0
1521,3,15.0,22.5
1522,3,15.0,25.0
1523,3,15.0,27.5
1524,3,15.0,30.0
1525,3,15.0,32.5
1526,3,15.0,35.0
1527,3,15.0,37.5
1528,3,15.0,40.0
1529,3,15.0,42.5
1530,3,15.0,45.0
1531,3,15.0,47.5
1532,3,15.0,50.0
1533,3,15.0,52.5
1534,3,15.0,55.0
1535,3,15.0,57.5
1536,3,15.0,60.0
1537,3,15.0,62.5
1538,3,15.0,65.0
1539,3,15.0,67.5
1540,3,15.0,70.0
1541,3,15.0,72.5
1542,3,15.0,75.0
1543,3,15.0,77.5
1544,3,15.0,80.0
1545,5,15.0,82.5
1546,5,15.0,85.0
1547,5,15.0,87.5
1548,5,15.0,90.0
1549,5,15.0,92.5
1550,4,15.0,95.0
1551,4,15.0,97.5
1552,4,15.0,100.0
1553,4,15.0,102.5
1554,4,15.0,105.0
1555,4,15.0,107.5
1556,4,15.0,110.0
1557,4,15.0,112.5
1558,4,15.0,115.0
1559,4,15.0,117.5
1560,4,15.0,120.0
1561,4,15.0,122.5
1562,4,15.0,125.0
1563,4,15.0,127.5
1564,4,15.0,130.0
1565,4,15.0,132.5
1566,4,15.0,135.0
1567,4,15.0,137.5
1568,4,15.0,140.0
1569,4,15.0,142.5
1570,4,15.0,145.0
1571,4,15.0,147.5
1572,4,15.0,150.0
1573,4,15.0,152.5
1574,6,15.0,155.0
1575,6,15.0,157.5
1576,6,15.0,160.0
1577,6,15.0,162.5
1578,6,15.0,165.0
1579,6,15.0,167.5
1580,6,15.0,170.0
1581,6,15.0,172.5
1582,6,15.0,175.0
1583,6,15.0,177.5
1584,6,12.5,-180.0
1585,6,12.5,-177.5
1586,6,12.5,-175.0
1587,6,12.5,-172.5
1588,6,12.5,-170.0
1589,6,12.5,-167.5
1590,6,12.5,-165.0
1591,6,12.5,-162.5
1592,6,12.5,-160.0
1593,6,12.5,-157.5
1594,6,12.5,-155.0
1595,6,12.5,-152.5
1596,6,12.5,-150.0
1597,6,12.5,-147.5
1598,6,12.5,-145.0
1599,6,12.5,-142.5
1600,6,12.5,-140.0
1601,6,12.5,-137.5
1602,6,12.5,-135.0
1603,6,12.5,-132.5
1604,6,12.5,-130.0
1605,6,12.5,-127.5
1606,6,12.5,-125.0
1607,6,12.5,-122.5
1608,6,12.5,-120.0
1609,3,12.5,-117.5
1610,3,12.5,-115.0
1611,3,12.5,-112.5
1612,3,12.5,-110.0
1613,3,12.5,-107.5
1614,3,12.5,-105.0
1615,3,12.5,-102.5
1616,3,12.5,-100.0
1617,3,12.5,-97.5
1618,3,12.5,-95.0
1619,3,12.5,-92.5
1620,3,12.5,-90.0
1621,5,12.5,-87.5
1622,5,12.5,-85.0
1623,5,12.5,-82.5
1624,5,12.5,-80.0
1625,5,12.5,-77.5
1626,5,12.5,-75.0
1627,5,12.5,-72.5
1628,5,12.5,-70.0
1629,5,12.5,-67.5
1630,5,12.5,-65.0
1631,5,12.5,-62.5
1632,5,12.5,-60.0
1633,5,12.5,-57.5
1634,5,12.5,-55.0
1635,5,12.5,-52.5
1636,5,12.5,-50.0
1637,5,12.5,-47.5
1638,5,12.5,-45.0
1639,5,12.5,-42.5
1640,5,12.5,-40.0
1641,5,12.5,-37.5
1642,5,12.5,-35.0
1643,5,12.5,-32.5
1644,5,12.5,-30.0
1645,5,12.5,-27.5
1646,5,12.5,-25.0
1647,5,12.5,-22.5
1648,5,12.5,-20.0
1649,3,12.5,-17.5
1650,3,12.5,-15.0
1651,3,12.5,-12.5
1652,3,12.5,-10.0
1653,3,12.5,-7.5
1654,3,12.5,-5.0
1655,3,12.5,-2.5
1656,3,12.5,0.0
1657,3,12.5,2.5
1658,3,12.5,5.0
1659,3,12.5,7.5
1660,3,12.5,10.0
1661,3,12.5,12.5
1662,3,12.5,15.0
1663,3,12.5,17.5
1664,3,12.5,20.0
1665,3,12.5,22.5
1666,3,12.5,25.0
1667,3,12.5,27.5
1668,3,12.5,30.0
1669,3,12.5,32.5
1670,3,12.5,35.0
1671,3,12.5,37.5
1672,3,12.5,40.0
1673,3,12.5,42.5
1674,3,12.5,45.0
1675,3,12.5,47.5
1676,3,12.5,50.0
1677,3,12.5,52.5
1678,3,12.5,55.0
1679,3,12.5,57.5
1680,3,12.5,60.0
1681,3,12.5,62.5
1682,3,12.5,65.0
1683,3,12.5,67.5
1684,3,12.5,70.0
1685,5,12.5,72.5
1686,5,12.5,75.0
1687,5,12.5,77.5
1688,5,12.5,80.0
1689,5,12.5,82.5
1690,5,12.5,85.0
1691,5,12.5,87.5
1692,5,12.5,90.0
1693,4,12.5,92.5
1694,4,12.5,95.0
1695,4,12.5,97.5
1696,4,12.5,100.0
1697,4,12.5,102.5
1698,4,12.5,105.0
1699,4,12.5,107.5
1700,4,12.5,110.0
1701,4,12.5,112.5
1702,4,12.5,115.0
1703,4,12.5,117.5
1704,4,12.5,120.0
1705,4,12.5,122.5
1706,4,12.5,125.0
1707,4,12.5,127.5
1708,4,12.5,130.0
1709,4,12.5,132.5
1710,4,12.5,135.0
1711,4,12.5,137.5
1712,4,12.5,140.0
1713,4,12.5,142.5
1714,4,12.5,145.0
1715,4,12.5,147.5
1716,6,12.5,150.0
1717,6,12.5,152.5
1718,6,12.5,155.0
1719,6,12.5,157.5
1720,6,12.5,160.0
1721,6,12.5,162.5
1722,6,12.5,165.0
1723,6,12.5,167.5
1724,6,12.5,170.0
1725,6,12.5,172.5
1726,6,12.5,175.0
1727,6,12.5,177.5
1728,6,10.0,-180.0
1729,6,10.0,-177.5
1730,6,10.0,-175.0
1731,6,10.0,-172.5
1732,6,10.0,-170.0
1733,6,10.0,-167.5
1734,6,10.0,-165.0
1735,6,10.0,-162.5
1736,6,10.0,-160.0
1737,6,10.0,-157.5
1738,6,10.0,-155.0
1739,6,10.0,-152.5
1740,6,10.0,-150.0
1741,6,10.0,-147.5
1742,6,10.0,-145.0
1743,6,10.0,-142.5
1744,6,10.0,-140.0
1745,6,10.0,-137.5
1746,6,10.0,-135.0
1747,6,10.0,-132.5
1748,6,10.0,-130.0
1749,6,10.0,-127.5
1750,6,10.0,-125.0
1751,6,10.0,-122.5
1752,3,10.0,-120.0
1753,3,10.0,-117.5
1754,3,10.0,-115.0
1755,3,10.0,-112.5
1756,3,10.0,-110.0
1757,3,10.0,-107.5
1758,3,10.0,-105.0
1759,3,10.0,-102.5
1760,3,10.0,-100.0
1761,3,10.0,-97.5
1762,3,10.0,-95.0
1763,3,10.0,-92.5
1764,5,10.0,-90.0
1765,5,10.0,-87.5
1766,5,10.0,-85.0
1767,5,10.0,-82.5
1768,5,10.0,-80.0
1769,5,10.0,-77.5
1770,5,10.0,-75.0
1771,5,10.0,-72.5
1772,5,10.0,-70.0
1773,5,10.0,-67.5
1774,5,10.0,-65.0
1775,5,10.0,-62.5
1776,5,10.0,-60.0
1777,5,10.0,-57.5
1778,5,10.0,-55.0
1779,5,10.0,-52.5
1780,5,10.0,-50.0
1781,5,10.0,-47.5
1782,5,10.0,-45.0
1783,5,10.0,-42.5
1784,5,10.0,-40.0
1785,5,10.0,-37.5
1786,5,10.0,-35.0
1787,5,10.0,-32.5
1788,5,10.0,-30.0
1789,5,10.0,-27.5
1790,5,10.0,-25.0
1791,5,10.0,-22.5
1792,3,10.0,-20.0
1793,3,10.0,-17.5
1794,3,10.0,-15.0
1795,3,10.0,-12.5
1796,3,10.0,-10.0
1797,3,10.0,-7.5
1798,3,10.0,-5.0
1799,3,10.0,-2.5
1800,3,10.0,0.0
1801,3,10.0,2.5
1802,3,10.0,5.0
1803,3,10.0,7.5
1804,3,10.0,10.0
1805,3,10.0,12.5
1806,3,10.0,15.0
1807,3,10.0,17.5
1808,3,10.0,20.0
1809,3,10.0,22.5
1810,3,10.0,25.0
1811,3,10.0,27.5
1812,3,10.0,30.0
1813,3,10.0,32.5
1814,3,10.0,35.0
1815,3,10.0,37.5
1816,3,10.0,40.0
1817,3,10.0,42.5
1818,3,10.0,45.0
1819,3,10.0,47.5
1820,3,10.0,50.0
1821,3,10.0,52.5
1822,3,10.0,55.0
1823,3,10.0,57.5
1824,3,10.0,60.0
1825,3,10.0,62.5
1826,3,10.0,65.0
1827,3,10.0,67.5
1828,5,10.0,70.0
1829,5,10.0,72.5
1830,5,10.0,75.0
1831,5,10.0,77.5
1832,5,10.0,80.0
1833,5,10.0,82.5
1834,5,10.0,85.0
1835,5,10.0,87.5
1836,4,10.0,90.0
1837,4,10.0,92.5
1838,4,10.0,95.0
1839,4,10.0,97.5
1840,4,10.0,100.0
1841,4,10.0,102.5
1842,4,10.0,105.0
1843,4,10.0,107.5
1844,4,10.0,110.0
1845,4,10.0,112.5
1846,4,10.0,115.0
1847,4,10.0,117.5
1848,4,10.0,120.0
1849,4,10.0,122.5
1850,4,10.0,125.0
1851,4,10.0,127.5
1852,4,10.0,130.0
1853,4,10.0,132.5
1854,4,10.0,135.0
1855,4,10.0,137.5
1856,4,10.0,140.0
1857,4,10.0,142.5
1858,4,10.0,145.0
1859,4,10.0,147.5
1860,4,10.0,150.0
1861,6,10.0,152.5
1862,6,10.0,155.0
1863,6,10.0,157.5
1864,6,10.0,160.0
1865,6,10.0,162.5
1866,6,10.0,165.0
1867,6,10.0,167.5
1868,6,10.0,170.0
1869,6,10.0,172.5
1870,6,10.0,175.0
1871,6,10.0,177.5
1872,6,7.5,-180.0
1873,6,7.5,-177.5
1874,6,7.5,-175.0
1875,6,7.5,-172.5
1876,6,7.5,-170.0
1877,6,7.5,-167.5
1878,6,7.5,-165.0
1879,6,7.5,-162.5
1880,6,7.5,-160.0
1881,6,7.5,-157.5
1882,6,7.5,-155.0
1883,6,7.5,-152.5
1884,6,7.5,-150.0
1885,6,7.5,-147.5
1886,6,7.5,-145.0
1887,6,7.5,-142.5
1888,6,7.5,-140.0
1889,6,7.5,-137.5
1890,3,7.5,-135.0
1891,3,7.5,-132.5
1892,3,7.5,-130.0
1893,3,7.5,-127.5
1894,3,7.5,-125.0
1895,3,7.5,-122.5
1896,3,7.5,-120.0
1897,3,7.5,-117.5
1898,3,7.5,-115.0
1899,3,7.5,-112.5
1900,3,7.5,-110.0
1901,3,7.5,-107.5
1902,3,7.5,-105.0
1903,3,7.5,-102.5
1904,3,7.5,-100.0
1905,5,7.5,-97.5
1906,5,7.5,-95.0
1907,5,7.5,-92.5
1908,5,7.5,-90.0
1909,5,7.5,-87.5
1910,5,7.5,-85.0
1911,5,7.5,-82.5
1912,5,7.5,-80.0
1913,5,7.5,-77.5
1914,5,7.5,-75.0
1915,5,7.5,-72.5
1916,5,7.5,-70.0
1917,5,7.5,-67.5
1918,5,7.5,-65.0
1919,5,7.5,-62.5
1920,5,7.5,-60.0
1921,5,7.5,-57.5
1922,5,7.5,-55.0
1923,5,7.5,-52.5
1924,5,7.5,-50.0
1925,5,7.5,-47.5
1926,5,7.5,-45.0
1927,5,7.5,-42.5
1928,5,7.5,-40.0
1929,5,7.5,-37.5
1930,5,7.5,-35.0
1931,5,7.5,-32.5
1932,5,7.5,-30.0
1933,5,7.5,-27.5
1934,5,7.5,-25.0
1935,5,7.5,-22.5
1936,3,7.5,-20.0
1937,3,7.5,-17.5
1938,3,7.5,-15.0
1939,3,7.5,-12.5
1940,3,7.5,-10.0
1941,3,7.5,-7.5
1942,3,7.5,-5.0
1943,3,7.5,-2.5
1944,3,7.5,0.0
1945,3,7.5,2.5
1946,3,7.5,5.0
1947,3,7.5,7.5
1948,3,7.5,10.0
1949,3,7.5,12.5
1950,3,7.5,15.0
1951,3,7.5,17.5
1952,3,7.5,20.0
1953,3,7.5,22.5
1954,3,7.5,25.0
1955,3,7.5,27.5
1956,3,7.5,30.0
1957,3,7.5,32.5
1958,3,7.5,35.0
1959,3,7.5,37.5
1960,3,7.5,40.0
1961,3,7.5,42.5
1962,3,7.5,45.0
1963,3,7.5,47.5
1964,3,7.5,50.0
1965,3,7.5,52.5
1966,3,7.5,55.0
1967,3,7.5,57.5
1968,3,7.5,60.0
1969,3,7.5,62.5
1970,3,7.5,65.0
1971,3,7.5,67.5
1972,5,7.5,70.0
1973,5,7.5,72.5
1974,5,7.5,75.0
1975,5,7.5,77.5
1976,5,7.5,80.0
1977,5,7.5,82.5
1978,5,7.5,85.0
1979,5,7.5,87.5
1980,5,7.5,90.0
1981,5,7.5,92.5
1982,4,7.5,95.0
1983,4,7.5,97.5
1984,4,7.5,100.0
1985,4,7.5,102.5
1986,4,7.5,105.0
1987,4,7.5,107.5
1988,4,7.5,110.0
1989,4,7.5,112.5
1990,4,7.5,115.0
1991,4,7.5,117.5
1992,4,7.5,120.0
1993,4,7.5,122.5
1994,4,7.5,125.0
1995,4,7.5,127.5
1996,4,7.5,130.0
1997,4,7.5,132.5
1998,4,7.5,135.0
1999,4,7.5,137.5
2000,4,7.5,140.0
2001,4,7.5,142.5
2002,4,7.5,145.0
2003,4,7.5,147.5
2004,4,7.5,150.0
2005,4,7.5,152.5
2006,4,7.5,155.0
2007,6,7.5,157.5
2008,6,7.5,160.0
2009,6,7.5,162.5
2010,6,7.5,165.0
2011,6,7.5,167.5
2012,6,7.5,170.0
2013,6,7.5,172.5
2014,6,7.5,175.0
2015,6,7.5,177.5
2016,6,5.0,-180.0
2017,6,5.0,-177.5
2018,6,5.0,-175.0
2019,6,5.0,-172.5
2020,6,5.0,-170.0
2021,6,5.0,-167.5
2022,6,5.0,-165.0
2023,1,5.0,-162.5
2024,1,5.0,-160.0
2025,1,5.0,-157.5
2026,1,5.0,-155.0
2027,1,5.0,-152.5
2028,1,5.0,-150.0
2029,1,5.0,-147.5
2030,1,5.0,-145.0
2031,1,5.0,-142.5
2032,1,5.0,-140.0
2033,1,5.0,-137.5
2034,1,5.0,-135.0
2035,1,5.0,-132.5
2036,1,5.0,-130.0
2037,1,5.0,-127.5
2038,1,5.0,-125.0
2039,1,5.0,-122.5
2040,1,5.0,-120.0
2041,1,5.0,-117.5
2042,1,5.0,-115.0
2043,1,5.0,-112.5
2044,1,5.0,-110.0
2045,1,5.0,-107.5
2046,1,5.0,-105.0
2047,3,5.0,-102.5
2048,5,5.0,-100.0
2049,5,5.0,-97.5
2050,5,5.0,-95.0
2051,5,5.0,-92.5
2052,5,5.0,-90.0
2053,5,5.0,-87.5
2054,5,5.0,-85.0
2055,5,5.0,-82.5
2056,5,5.0,-80.0
2057,5,5.0,-77.5
2058,5,5.0,-75.0
2059,5,5.0,-72.5
2060,5,5.0,-70.0
2061,5,5.0,-67.5
2062,5,5.0,-65.0
2063,5,5.0,-62.5
2064,5,5.0,-60.0
2065,5,5.0,-57.5
2066,5,5.0,-55.0
2067,5,5.0,-52.5
2068,5,5.0,-50.0
2069,5,5.0,-47.5
2070,5,5.0,-45.0
2071,5,5.0,-42.5
2072,5,5.0,-40.0
2073,5,5.0,-37.5
2074,5,5.0,-35.0
2075,5,5.0,-32.5
2076,5,5.0,-30.0
2077,5,5.0,-27.5
2078,5,5.0,-25.0
2079,5,5.0,-22.5
2080,5,5.0,-20.0
2081,5,5.0,-17.5
2082,3,5.0,-15.0
2083,3,5.0,-12.5
2084,3,5.0,-10.0
2085,3,5.0,-7.5
2086,3,5.0,-5.0
2087,3,5.0,-2.5
2088,3,5.0,0.0
2089,3,5.0,2.5
2090,3,5.0,5.0
2091,3,5.0,7.5
2092,3,5.0,10.0
2093,3,5.0,12.5
2094,3,5.0,15.0
2095,3,5.0,17.5
2096,3,5.0,20.0
2097,3,5.0,22.5
2098,3,5.0,25.0
2099,3,5.0,27.5
2100,3,5.0,30.0
2101,3,5.0,32.5
2102,3,5.0,35.0
2103,3,5.0,37.5
2104,3,5.0,40.0
2105,3,5.0,42.5
2106,3,5.0,45.0
2107,3,5.0,47.5
2108,3,5.0,50.0
2109,3,5.0,52.5
2110,3,5.0,55.0
2111,3,5.0,57.5
2112,3,5.0,60.0
2113,3,5.0,62.5
2114,3,5.0,65.0
2115,3,5.0,67.5
2116,3,5.0,70.0
2117,5,5.0,72.5
2118,5,5.0,75.0
2119,5,5.0,77.5
2120,5,5.0,80.0
2121,5,5.0,82.5
2122,5,5.0,85.0
2123,5,5.0,87.5
2124,5,5.0,90.0
2125,5,5.0,92.5
2126,5,5.0,95.0
2127,5,5.0,97.5
2128,4,5.0,100.0
2129,4,5.0,102.5
2130,4,5.0,105.0
2131,4,5.0,107.5
2132,4,5.0,110.0
2133,4,5.0,112.5
2134,4,5.0,115.0
2135,4,5.0,117.5
2136,4,5.0,120.0
2137,4,5.0,122.5
2138,4,5.0,125.0
2139,4,5.0,127.5
2140,4,5.0,130.0
2141,4,5.0,132.5
2142,4,5.0,135.0
2143,4,5.0,137.5
2144,4,5.0,140.0
2145,4,5.0,142.5
2146,4,5.0,145.0
2147,4,5.0,147.5
2148,4,5.0,150.0
2149,4,5.0,152.5
2150,4,5.0,155.0
2151,4,5.0,157.5
2152,6,5.0,160.0
2153,6,5.0,162.5
2154,6,5.0,165.0
2155,6,5.0,167.5
2156,6,5.0,170.0
2157,6,5.0,172.5
2158,6,5.0,175.0
2159,6,5.0,177.5
2160,1,2.5,-180.0
2161,1,2.5,-177.5
2162,1,2.5,-175.0
2163,1,2.5,-172.5
2164,1,2.5,-170.0
2165,1,2.5,-167.5
2166,1,2.5,-165.0
2167,1,2.5,-162.5
2168,1,2.5,-160.0
2169,1,2.5,-157.5
2170,1,2.5,-155.0
2171,1,2.5,-152.5
2172,1,2.5,-150.0
2173,1,2.5,-147.5
2174,1,2.5,-145.0
2175,1,2.5,-142.5
2176,1,2.5,-140.0
2177,1,2.5,-137.5
2178,1,2.5,-135.0
2179,1,2.5,-132.5
2180,1,2.5,-130.0
2181,1,2.5,-127.5
2182,1,2.5,-125.0
2183,1,2.5,-122.5
2184,1,2.5,-120.0
2185,1,2.5,-117.5
2186,1,2.5,-115.0
2187,1,2.5,-112.5
2188,1,2.5,-110.0
2189,1,2.5,-107.5
2190,1,2.5,-105.0
2191,1,2.5,-102.5
2192,1,2.5,-100.0
2193,5,2.5,-97.5
2194,5,2.5,-95.0
2195,5,2.5,-92.5
2196,5,2.5,-90.0
2197,5,2.5,-87.5
2198,5,2.5,-85.0
2199,5,2.5,-82.5
2200,5,2.5,-80.0
2201,5,2.5,-77.5
2202,5,2.5,-75.0
2203,5,2.5,-72.5
2204,5,2.5,-70.0
2205,5,2.5,-67.5
2206,5,2.5,-65.0
2207,5,2.5,-62.5
2208,5,2.5,-60.0
2209,5,2.5,-57.5
2210,5,2.5,-55.0
2211,5,2.5,-52.5
2212,5,2.5,-50.0
2213,5,2.5,-47.5
2214,5,2.5,-45.0
2215,5,2.5,-42.5
2216,5,2.5,-40.0
2217,5,2.5,-37.5
2218,5,2.5,-35.0
2219,5,2.5,-32.5
2220,5,2.5,-30.0
2221,5,2.5,-27.5
2222,5,2.5,-25.0
2223,5,2.5,-22.5
2224,5,2.5,-20.0
2225,5,2.5,-17.5
2226,5,2.5,-15.0
2227,5,2.5,-12.5
2228,5,2.5,-10.0
2229,5,2.5,-7.5
2230,5,2.5,-5.0
2231,3,2.5,-2.5
2232,3,2.5,0.0
2233,3,2.5,2.5
2234,3,2.5,5.0
2235,3,2.5,7.5
2236,3,2.5,10.0
2237,3,2.5,12.5
2238,3,2.5,15.0
2239,3,2.5,17.5
2240,3,2.5,20.0
2241,3,2.5,22.5
2242,3,2.5,25.0
2243,3,2.5,27.5
2244,3,2.5,30.0
2245,3,2.5,32.5
2246,3,2.5,35.0
2247,3,2.5,37.5
2248,3,2.5,40.0
2249,3,2.5,42.5
2250,3,2.5,45.0
2251,3,2.5,47.5
2252,3,2.5,50.0
2253,3,2.5,52.5
2254,3,2.5,55.0
2255,3,2.5,57.5
2256,3,2.5,60.0
2257,3,2.5,62.5
2258,3,2.5,65.0
2259,3,2.5,67.5
2260,3,2.5,70.0
2261,3,2.5,72.5
2262,3,2.5,75.0
2263,3,2.5,77.5
2264,3,2.5,80.0
2265,3,2.5,82.5
2266,5,2.5,85.0
2267,5,2.5,87.5
2268,5,2.5,90.0
2269,5,2.5,92.5
2270,5,2.5,95.0
2271,5,2.5,97.5
2272,5,2.5,100.0
2273,5,2.5,102.5
2274,2,2.5,105.0
2275,2,2.5,107.5
2276,2,2.5,110.0
2277,2,2.5,112.5
2278,4,2.5,115.0
2279,4,2.5,117.5
2280,4,2.5,120.0
2281,4,2.5,122.5
2282,4,2.5,125.0
2283,4,2.5,127.5
2284,4,2.5,130.0
2285,4,2.5,132.5
2286,4,2.5,135.0
2287,4,2.5,137.5
2288,4,2.5,140.0
2289,4,2.5,142.5
2290,4,2.5,145.0
2291,4,2.5,147.5
2292,4,2.5,150.0
2293,6,2.5,152.5
2294,6,2.5,155.0
2295,6,2.5,157.5
2296,6,2.5,160.0
2297,6,2.5,162.5
2298,6,2.5,165.0
2299,6,2.5,167.5
2300,6,2.5,170.0
2301,6,2.5,172.5
2302,1,2.5,175.0
2303,1,2.5,177.5
2304,1,0.0,-180.0
2305,1,0.0,-177.5
2306,1,0.0,-175.0
2307,1,0.0,-172.5
2308,1,0.0,-170.0
2309,1,0.0,-167.5
2310,1,0.0,-165.0
2311,1,0.0,-162.5
2312,1,0.0,-160.0
2313,1,0.0,-157.5
2314,1,0.0,-155.0
2315,1,0.0,-152.5
2316,1,0.0,-150.0
2317,1,0.0,-147.5
2318,1,0.0,-145.0
2319,1,0.0,-142.5
2320,1,0.0,-140.0
2321,1,0.0,-137.5
2322,1,0.0,-135.0
2323,1,0.0,-132.5
2324,1,0.0,-130.0
2325,1,0.0,-127.5
2326,1,0.0,-125.0
2327,1,0.0,-122.5
2328,1,0.0,-120.0
2329,1,0.0,-117.5
2330,1,0.0,-115.0
2331,1,0.0,-112.5
2332,1,0.0,-110.0
2333,1,0.0,-107.5
2334,1,0.0,-105.0
2335,1,0.0,-102.5
2336,1,0.0,-100.0
2337,5,0.0,-97.5
2338,5,0.0,-95.0
2339,5,0.0,-92.5
2340,5,0.0,-90.0
2341,5,0.0,-87.5
2342,5,0.0,-85.0
2343,5,0.0,-82.5
2344,5,0.0,-80.0
2345,5,0.0,-77.5
2346,5,0.0,-75.0
2347,5,0.0,-72.5
2348,5,0.0,-70.0
2349,5,0.0,-67.5
2350,5,0.0,-65.0
2351,5,0.0,-62.5
2352,5,0.0,-60.0
2353,5,0.0,-57.5
2354,5,0.0,-55.0
2355,5,0.0,-52.5
2356,5,0.0,-50.0
2357,5,0.0,-47.5
2358,5,0.0,-45.0
2359,5,0.0,-42.5
2360,5,0.0,-40.0
2361,5,0.0,-37.5
2362,5,0.0,-35.0
2363,5,0.0,-32.5
2364,5,0.0,-30.0
2365,5,0.0,-27.5
2366,5,0.0,-25.0
2367,5,0.0,-22.5
2368,5,0.0,-20.0
2369,5,0.0,-17.5
2370,5,0.0,-15.0
2371,5,0.0,-12.5
2372,5,0.0,-10.0
2373,5,0.0,-7.5
2374,5,0.0,-5.0
2375,5,0.0,-2.5
2376,5,0.0,0.0
2377,5,0.0,2.5
2378,3,0.0,5.0
2379,3,0.0,7.5
2380,3,0.0,10.0
2381,3,0.0,12.5
2382,3,0.0,15.0
2383,3,0.0,17.5
2384,3,0.0,20.0
2385,3,0.0,22.5
2386,3,0.0,25.0
2387,3,0.0,27.5
2388,3,0.0,30.0
2389,3,0.0,32.5
2390,3,0.0,35.0
2391,3,0.0,37.5
2392,3,0.0,40.0
2393,3,0.0,42.5
2394,3,0.0,45.0
2395,3,0.0,47.5
2396,3,0.0,50.0
2397,3,0.0,52.5
2398,3,0.0,55.0
2399,3,0.0,57.5
2400,3,0.0,60.0
2401,3,0.0,62.5
2402,3,0.0,65.0
2403,3,0.0,67.5
2404,3,0.0,70.0
2405,3,0.0,72.5
2406,3,0.0,75.0
2407,3,0.0,77.5
2408,3,0.0,80.0
2409,3,0.0,82.5
2410,5,0.0,85.0
2411,5,0.0,87.5
2412,5,0.0,90.0
2413,5,0.0,92.5
2414,5,0.0,95.0
2415,5,0.0,97.5
2416,5,0.0,100.0
2417,2,0.0,102.5
2418,2,0.0,105.0
2419,2,0.0,107.5
2420,2,0.0,110.0
2421,2,0.0,112.5
2422,2,0.0,115.0
2423,2,0.0,117.5
2424,2,0.0,120.0
2425,2,0.0,122.5
2426,2,0.0,125.0
2427,2,0.0,127.5
2428,2,0.0,130.0
2429,4,0.0,132.5
2430,4,0.0,135.0
2431,4,0.0,137.5
2432,4,0.0,140.0
2433,4,0.0,142.5
2434,6,0.0,145.0
2435,6,0.0,147.5
2436,6,0.0,150.0
2437,6,0.0,152.5
2438,6,0.0,155.0
2439,6,0.0,157.5
2440,6,0.0,160.0
2441,1,0.0,162.5
2442,1,0.0,165.0
2443,1,0.0,167.5
2444,1,0.0,170.0
2445,1,0.0,172.5
2446,1,0.0,175.0
2447,1,0.0,177.5
2448,1,-2.5,-180.0
2449,1,-2.5,-177.5
2450,1,-2.5,-175.0
2451,1,-2.5,-172.5
2452,1,-2.5,-170.0
2453,1,-2.5,-167.5
2454,1,-2.5,-165.0
2455,1,-2.5,-162.5
2456,1,-2.5,-160.0
2457,1,-2.5,-157.5
2458,1,-2.5,-155.0
2459,1,-2.5,-152.5
2460,1,-2.5,-150.0
2461,1,-2.5,-147.5
2462,1,-2.5,-145.0
2463,1,-2.5,-142.5
2464,1,-2.5,-140.0
2465,1,-2.5,-137.5
2466,1,-2.5,-135.0
2467,1,-2.5,-132.5
2468,1,-2.5,-130.0
2469,1,-2.5,-127.5
2470,1,-2.5,-125.0
2471,1,-2.5,-122.5
2472,1,-2.5,-120.0
2473,1,-2.5,-117.5
2474,1,-2.5,-115.0
2475,1,-2.5,-112.5
2476,1,-2.5,-110.0
2477,1,-2.5,-107.5
2478,5,-2.5,-105.0
2479,5,-2.5,-102.5
2480,5,-2.5,-100.0
2481,5,-2.5,-97.5
2482,5,-2.5,-95.0
2483,5,-2.5,-92.5
2484,5,-2.5,-90.0
2485,5,-2.5,-87.5
2486,5,-2.5,-85.0
2487,5,-2.5,-82.5
2488,5,-2.5,-80.0
2489,5,-2.5,-77.5
2490,5,-2.5,-75.0
2491,5,-2.5,-72.5
2492,5,-2.5,-70.0
2493,5,-2.5,-67.5
2494,5,-2.5,-65.0
2495,5,-2.5,-62.5
2496,5,-2.5,-60.0
2497,5,-2.5,-57.5
2498,5,-2.5,-55.0
2499,5,-2.5,-52.5
2500,5,-2.5,-50.0
2501,5,-2.5,-47.5
2502,5,-2.5,-45.0
2503,5,-2.5,-42.5
2504,5,-2.5,-40.0
2505,5,-2.5,-37.5
2506,5,-2.5,-35.0
2507,5,-2.5,-32.5
2508,5,-2.5,-30.0
2509,5,-2.5,-27.5
2510,5,-2.5,-25.0
2511,5,-2.5,-22.5
2512,5,-2.5,-20.0
2513,5,-2.5,-17.5
2514,5,-2.5,-15.0
2515,5,-2.5,-12.5
2516,5,-2.5,-10.0
2517,5,-2.5,-7.5
2518,5,-2.5,-5.0
2519,5,-2.5,-2.5
2520,5,-2.5,0.0
2521,5,-2.5,2.5
2522,5,-2.5,5.0
2523,5,-2.5,7.5
2524,5,-2.5,10.0
2525,3,-2.5,12.5
2526,3,-2.5,15.0
2527,3,-2.5,17.5
2528,3,-2.5,20.0
2529,3,-2.5,22.5
2530,3,-2.5,25.0
2531,3,-2.5,27.5
2532,3,-2.5,30.0
2533,3,-2.5,32.5
2534,3,-2.5,35.0
2535,3,-2.5,37.5
2536,3,-2.5,40.0
2537,3,-2.5,42.5
2538,3,-2.5,45.0
2539,3,-2.5,47.5
2540,3,-2.5,50.0
2541,3,-2.5,52.5
2542,3,-2.5,55.0
2543,3,-2.5,57.5
2544,3,-2.5,60.0
2545,3,-2.5,62.5
2546,3,-2.5,65.0
2547,3,-2.5,67.5
2548,3,-2.5,70.0
2549,3,-2.5,72.5
2550,3,-2.5,75.0
2551,3,-2.5,77.5
2552,3,-2.5,80.0
2553,5,-2.5,82.5
2554,5,-2.5,85.0
2555,5,-2.5,87.5
2556,5,-2.5,90.0
2557,2,-2.5,92.5
2558,2,-2.5,95.0
2559,2,-2.5,97.5
2560,2,-2.5,100.0
2561,2,-2.5,102.5
2562,2,-2.5,105.0
2563,2,-2.5,107.5
2564,2,-2.5,110.0
2565,2,-2.5,112.5
2566,2,-2.5,115.0
2567,2,-2.5,117.5
2568,2,-2.5,120.0
2569,2,-2.5,122.5
2570,2,-2.5,125.0
2571,2,-2.5,127.5
2572,2,-2.5,130.0
2573,2,-2.5,132.5
2574,5,-2.5,135.0
2575,5,-2.5,137.5
2576,5,-2.5,140.0
2577,5,-2.5,142.5
2578,3,-2.5,145.0
2579,3,-2.5,147.5
2580,3,-2.5,150.0
2581,3,-2.5,152.5
2582,3,-2.5,155.0
2583,1,-2.5,157.5
2584,1,-2.5,160.0
2585,1,-2.5,162.5
2586,1,-2.5,165.0
2587,1,-2.5,167.5
2588,1,-2.5,170.0
2589,1,-2.5,172.5
2590,1,-2.5,175.0
2591,1,-2.5,177.5
2592,1,-5.0,-180.0
2593,1,-5.0,-177.5
2594,1,-5.0,-175.0
2595,1,-5.0,-172.5
2596,1,-5.0,-170.0
2597,1,-5.0,-167.5
2598,1,-5.0,-165.0
2599,1,-5.0,-162.5
2600,1,-5.0,-160.0
2601,1,-5.0,-157.5
2602,1,-5.0,-155.0
2603,1,-5.0,-152.5
2604,1,-5.0,-150.0
2605,1,-5.0,-147.5
2606,1,-5.0,-145.0
2607,1,-5.0,-142.5
2608,1,-5.0,-140.0
2609,1,-5.0,-137.5
2610,1,-5.0,-135.0
2611,1,-5.0,-132.5
2612,1,-5.0,-130.0
2613,1,-5.0,-127.5
2614,1,-5.0,-125.0
2615,1,-5.0,-122.5
2616,5,-5.0,-120.0
2617,5,-5.0,-117.5
2618,5,-5.0,-115.0
2619,5,-5.0,-112.5
2620,5,-5.0,-110.0
2621,5,-5.0,-107.5
2622,5,-5.0,-105.0
2623,5,-5.0,-102.5
2624,5,-5.0,-100.0
2625,5,-5.0,-97.5
2626,5,-5.0,-95.0
2627,5,-5.0,-92.5
2628,5,-5.0,-90.0
2629,5,-5.0,-87.5
2630,5,-5.0,-85.0
2631,5,-5.0,-82.5
2632,5,-5.0,-80.0
2633,5,-5.0,-77.5
2634,5,-5.0,-75.0
2635,5,-5.0,-72.5
2636,5,-5.0,-70.0
2637,5,-5.0,-67.5
2638,5,-5.0,-65.0
2639,5,-5.0,-62.5
2640,5,-5.0,-60.0
2641,5,-5.0,-57.5
2642,3,-5.0,-55.0
2643,3,-5.0,-52.5
2644,3,-5.0,-50.0
2645,3,-5.0,-47.5
2646,3,-5.0,-45.0
2647,3,-5.0,-42.5
2648,3,-5.0,-40.0
2649,3,-5.0,-37.5
2650,3,-5.0,-35.0
2651,3,-5.0,-32.5
2652,3,-5.0,-30.0
2653,5,-5.0,-27.5
2654,5,-5.0,-25.0
2655,5,-5.0,-22.5
2656,5,-5.0,-20.0
2657,5,-5.0,-17.5
2658,5,-5.0,-15.0
2659,5,-5.0,-12.5
2660,5,-5.0,-10.0
2661,5,-5.0,-7.5
2662,5,-5.0,-5.0
2663,5,-5.0,-2.5
2664,5,-5.0,0.0
2665,5,-5.0,2.5
2666,5,-5.0,5.0
2667,5,-5.0,7.5
2668,5,-5.0,10.0
2669,5,-5.0,12.5
2670,3,-5.0,15.0
2671,3,-5.0,17.5
2672,3,-5.0,20.0
2673,3,-5.0,22.5
2674,3,-5.0,25.0
2675,3,-5.0,27.5
2676,3,-5.0,30.0
2677,3,-5.0,32.5
2678,3,-5.0,35.0
2679,3,-5.0,37.5
2680,3,-5.0,40.0
2681,3,-5.0,42.5
2682,3,-5.0,45.0
2683,3,-5.0,47.5
2684,3,-5.0,50.0
2685,3,-5.0,52.5
2686,3,-5.0,55.0
2687,3,-5.0,57.5
2688,3,-5.0,60.0
2689,3,-5.0,62.5
2690,3,-5.0,65.0
2691,3,-5.0,67.5
2692,3,-5.0,70.0
2693,5,-5.0,72.5
2694,5,-5.0,75.0
2695,5,-5.0,77.5
2696,5,-5.0,80.0
2697,5,-5.0,82.5
2698,2,-5.0,85.0
2699,2,-5.0,87.5
2700,2,-5.0,90.0
2701,2,-5.0,92.5
2702,2,-5.0,95.0
2703,2,-5.0,97.5
2704,2,-5.0,100.0
2705,2,-5.0,102.5
2706,2,-5.0,105.0
2707,2,-5.0,107.5
2708,2,-5.0,110.0
2709,2,-5.0,112.5
2710,2,-5.0,115.0
2711,2,-5.0,117.5
2712,2,-5.0,120.0
2713,2,-5.0,122.5
2714,2,-5.0,125.0
2715,2,-5.0,127.5
2716,2,-5.0,130.0
2717,2,-5.0,132.5
2718,2,-5.0,135.0
2719,2,-5.0,137.5
2720,5,-5.0,140.0
2721,5,-5.0,142.5
2722,5,-5.0,145.0
2723,3,-5.0,147.5
2724,3,-5.0,150.0
2725,3,-5.0,152.5
2726,3,-5.0,155.0
2727,3,-5.0,157.5
2728,3,-5.0,160.0
2729,1,-5.0,162.5
2730,1,-5.0,165.0
2731,1,-5.0,167.5
2732,1,-5.0,170.0
2733,1,-5.0,172.5
2734,1,-5.0,175.0
2735,1,-5.0,177.5
2736,1,-7.5,-180.0
2737,1,-7.5,-177.5
2738,1,-7.5,-175.0
2739,1,-7.5,-172.5
2740,1,-7.5,-170.0
2741,1,-7.5,-167.5
2742,1,-7.5,-165.0
2743,1,-7.5,-162.5
2744,1,-7.5,-160.0
2745,1,-7.5,-157.5
2746,1,-7.5,-155.0
2747,1,-7.5,-152.5
2748,1,-7.5,-150.0
2749,1,-7.5,-147.5
2750,1,-7.5,-145.0
2751,1,-7.5,-142.5
2752,1,-7.5,-140.0
2753,1,-7.5,-137.5
2754,1,-7.5,-135.0
2755,1,-7.5,-132.5
2756,3,-7.5,-130.0
2757,5,-7.5,-127.5
2758,5,-7.5,-125.0
2759,5,-7.5,-122.5
2760,5,-7.5,-120.0
2761,5,-7.5,-117.5
2762,5,-7.5,-115.0
2763,5,-7.5,-112.5
2764,5,-7.5,-110.0
2765,5,-7.5,-107.5
2766,5,-7.5,-105.0
2767,5,-7.5,-102.5
2768,5,-7.5,-100.0
2769,5,-7.5,-97.5
2770,5,-7.5,-95.0
2771,5,-7.5,-92.5
2772,5,-7.5,-90.0
2773,5,-7.5,-87.5
2774,5,-7.5,-85.0
2775,5,-7.5,-82.5
2776,5,-7.5,-80.0
2777,5,-7.5,-77.5
2778,5,-7.5,-75.0
2779,5,-7.5,-72.5
2780,5,-7.5,-70.0
2781,5,-7.5,-67.5
2782,5,-7.5,-65.0
2783,3,-7.5,-62.5
2784,3,-7.5,-60.0
2785,3,-7.5,-57.5
2786,3,-7.5,-55.0
2787,3,-7.5,-52.5
2788,3,-7.5,-50.0
2789,3,-7.5,-47.5
2790,3,-7.5,-45.0
2791,3,-7.5,-42.5
2792,3,-7.5,-40.0
2793,3,-7.5,-37.5
2794,3,-7.5,-35.0
2795,3,-7.5,-32.5
2796,3,-7.5,-30.0
2797,3,-7.5,-27.5
2798,3,-7.5,-25.0
2799,3,-7.5,-22.5
2800,3,-7.5,-20.0
2801,5,-7.5,-17.5
2802,5,-7.5,-15.0
2803,5,-7.5,-12.5
2804,5,-7.5,-10.0
2805,5,-7.5,-7.5
2806,5,-7.5,-5.0
2807,5,-7.5,-2.5
2808,5,-7.5,0.0
2809,5,-7.5,2.5
2810,5,-7.5,5.0
2811,5,-7.5,7.5
2812,5,-7.5,10.0
2813,5,-7.5,12.5
2814,5,-7.5,15.0
2815,5,-7.5,17.5
2816,5,-7.5,20.0
2817,5,-7.5,22.5
2818,3,-7.5,25.0
2819,3,-7.5,27.5
2820,3,-7.5,30.0
2821,3,-7.5,32.5
2822,3,-7.5,35.0
2823,3,-7.5,37.5
2824,3,-7.5,40.0
2825,3,-7.5,42.5
2826,3,-7.5,45.0
2827,3,-7.5,47.5
2828,3,-7.5,50.0
2829,3,-7.5,52.5
2830,3,-7.5,55.0
2831,3,-7.5,57.5
2832,3,-7.5,60.0
2833,3,-7.5,62.5
2834,3,-7.5,65.0
2835,3,-7.5,67.5
2836,3,-7.5,70.0
2837,3,-7.5,72.5
2838,5,-7.5,75.0
2839,5,-7.5,77.5
2840,5,-7.5,80.0
2841,2,-7.5,82.5
2842,2,-7.5,85.0
2843,2,-7.5,87.5
2844,2,-7.5,90.0
2845,2,-7.5,92.5
2846,2,-7.5,95.0
2847,2,-7.5,97.5
2848,2,-7.5,100.0
2849,2,-7.5,102.5
2850,2,-7.5,105.0
2851,2,-7.5,107.5
2852,2,-7.5,110.0
2853,2,-7.5,112.5
2854,2,-7.5,115.0
2855,2,-7.5,117.5
2856,2,-7.5,120.0
2857,2,-7.5,122.5
2858,2,-7.5,125.0
2859,2,-7.5,127.5
2860,2,-7.5,130.0
2861,2,-7.5,132.5
2862,2,-7.5,135.0
2863,2,-7.5,137.5
2864,2,-7.5,140.0
2865,2,-7.5,142.5
2866,2,-7.5,145.0
2867,4,-7.5,147.5
2868,4,-7.5,150.0
2869,4,-7.5,152.5
2870,5,-7.5,155.0
2871,5,-7.5,157.5
2872,5,-7.5,160.0
2873,5,-7.5,162.5
2874,5,-7.5,165.0
2875,3,-7.5,167.5
2876,3,-7.5,170.0
2877,3,-7.5,172.5
2878,3,-7.5,175.0
2879,1,-7.5,177.5
2880,5,-10.0,-180.0
2881,3,-10.0,-177.5
2882,3,-10.0,-175.0
2883,3,-10.0,-172.5
2884,3,-10.0,-170.0
2885,3,-10.0,-167.5
2886,3,-10.0,-165.0
2887,3,-10.0,-162.5
2888,3,-10.0,-160.0
2889,1,-10.0,-157.5
2890,1,-10.0,-155.0
2891,1,-10.0,-152.5
2892,1,-10.0,-150.0
2893,1,-10.0,-147.5
2894,1,-10.0,-145.0
2895,1,-10.0,-142.5
2896,1,-10.0,-140.0
2897,1,-10.0,-137.5
2898,1,-10.0,-135.0
2899,3,-10.0,-132.5
2900,3,-10.0,-130.0
2901,3,-10.0,-127.5
2902,3,-10.0,-125.0
2903,3,-10.0,-122.5
2904,5,-10.0,-120.0
2905,5,-10.0,-117.5
2906,5,-10.0,-115.0
2907,5,-10.0,-112.5
2908,5,-10.0,-110.0
2909,5,-10.0,-107.5
2910,5,-10.0,-105.0
2911,5,-10.0,-102.5
2912,5,-10.0,-100.0
2913,5,-10.0,-97.5
2914,5,-10.0,-95.0
2915,5,-10.0,-92.5
2916,5,-10.0,-90.0
2917,5,-10.0,-87.5
2918,5,-10.0,-85.0
2919,5,-10.0,-82.5
2920,5,-10.0,-80.0
2921,5,-10.0,-77.5
2922,5,-10.0,-75.0
2923,5,-10.0,-72.5
2924,5,-10.0,-70.0
2925,5,-10.0,-67.5
2926,3,-10.0,-65.0
2927,3,-10.0,-62.5
2928,3,-10.0,-60.0
2929,3,-10.0,-57.5
2930,3,-10.0,-55.0
2931,3,-10.0,-52.5
2932,3,-10.0,-50.0
2933,3,-10.0,-47.5
2934,3,-10.0,-45.0
2935,3,-10.0,-42.5
2936,3,-10.0,-40.0
2937,3,-10.0,-37.5
2938,3,-10.0,-35.0
2939,3,-10.0,-32.5
2940,3,-10.0,-30.0
2941,3,-10.0,-27.5
2942,3,-10.0,-25.0
2943,3,-10.0,-22.5
2944,3,-10.0,-20.0
2945,3,-10.0,-17.5
2946,3,-10.0,-15.0
2947,5,-10.0,-12.5
2948,5,-10.0,-10.0
2949,5,-10.0,-7.5
2950,5,-10.0,-5.0
2951,5,-10.0,-2.5
2952,5,-10.0,0.0
2953,5,-10.0,2.5
2954,5,-10.0,5.0
2955,5,-10.0,7.5
2956,5,-10.0,10.0
2957,5,-10.0,12.5
2958,5,-10.0,15.0
2959,5,-10.0,17.5
2960,5,-10.0,20.0
2961,5,-10.0,22.5
2962,5,-10.0,25.0
2963,5,-10.0,27.5
2964,3,-10.0,30.0
2965,3,-10.0,32.5
2966,3,-10.0,35.0
2967,3,-10.0,37.5
2968,3,-10.0,40.0
2969,3,-10.0,42.5
2970,3,-10.0,45.0
2971,3,-10.0,47.5
2972,3,-10.0,50.0
2973,3,-10.0,52.5
2974,3,-10.0,55.0
2975,3,-10.0,57.5
2976,3,-10.0,60.0
2977,3,-10.0,62.5
2978,3,-10.0,65.0
2979,3,-10.0,67.5
2980,3,-10.0,70.0
2981,3,-10.0,72.5
2982,3,-10.0,75.0
2983,3,-10.0,77.5
2984,5,-10.0,80.0
2985,2,-10.0,82.5
2986,2,-10.0,85.0
2987,2,-10.0,87.5
2988,2,-10.0,90.0
2989,2,-10.0,92.5
2990,2,-10.0,95.0
2991,2,-10.0,97.5
2992,2,-10.0,100.0
2993,2,-10.0,102.5
2994,2,-10.0,105.0
2995,2,-10.0,107.5
2996,2,-10.0,110.0
2997,2,-10.0,112.5
2998,2,-10.0,115.0
2999,2,-10.0,117.5
3000,2,-10.0,120.0
3001,2,-10.0,122.5
3002,2,-10.0,125.0
3003,2,-10.0,127.5
3004,2,-10.0,130.0
3005,2,-10.0,132.5
3006,2,-10.0,135.0
3007,2,-10.0,137.5
3008,2,-10.0,140.0
3009,2,-10.0,142.5
3010,2,-10.0,145.0
3011,2,-10.0,147.5
3012,4,-10.0,150.0
3013,4,-10.0,152.5
3014,4,-10.0,155.0
3015,4,-10.0,157.5
3016,4,-10.0,160.0
3017,4,-10.0,162.5
3018,4,-10.0,165.0
3019,4,-10.0,167.5
3020,5,-10.0,170.0
3021,5,-10.0,172.5
3022,5,-10.0,175.0
3023,5,-10.0,177.5
3024,4,-12.5,-180.0
3025,4,-12.5,-177.5
3026,5,-12.5,-175.0
3027,5,-12.5,-172.5
3028,5,-12.5,-170.0
3029,3,-12.5,-167.5
3030,3,-12.5,-165.0
3031,3,-12.5,-162.5
3032,3,-12.5,-160.0
3033,3,-12.5,-157.5
3034,3,-12.5,-155.0
3035,3,-12.5,-152.5
3036,3,-12.5,-150.0
3037,3,-12.5,-147.5
3038,3,-12.5,-145.0
3039,3,-12.5,-142.5
3040,3,-12.5,-140.0
3041,3,-12.5,-137.5
3042,3,-12.5,-135.0
3043,3,-12.5,-132.5
3044,3,-12.5,-130.0
3045,3,-12.5,-127.5
3046,3,-12.5,-125.0
3047,3,-12.5,-122.5
3048,3,-12.5,-120.0
3049,3,-12.5,-117.5
3050,3,-12.5,-115.0
3051,3,-12.5,-112.5
3052,3,-12.5,-110.0
3053,5,-12.5,-107.5
3054,5,-12.5,-105.0
3055,5,-12.5,-102.5
3056,5,-12.5,-100.0
3057,5,-12.5,-97.5
3058,5,-12.5,-95.0
3059,5,-12.5,-92.5
3060,5,-12.5,-90.0
3061,5,-12.5,-87.5
3062,5,-12.5,-85.0
3063,5,-12.5,-82.5
3064,5,-12.5,-80.0
3065,5,-12.5,-77.5
3066,5,-12.5,-75.0
3067,5,-12.5,-72.5
3068,5,-12.5,-70.0
3069,5,-12.5,-67.5
3070,5,-12.5,-65.0
3071,3,-12.5,-62.5
3072,3,-12.5,-60.0
3073,3,-12.5,-57.5
3074,3,-12.5,-55.0
3075,3,-12.5,-52.5
3076,3,-12.5,-50.0
3077,3,-12.5,-47.5
3078,3,-12.5,-45.0
3079,3,-12.5,-42.5
3080,3,-12.5,-40.0
3081,3,-12.5,-37.5
3082,3,-12.5,-35.0
3083,3,-12.5,-32.5
3084,3,-12.5,-30.0
3085,3,-12.5,-27.5
3086,3,-12.5,-25.0
3087,3,-12.5,-22.5
3088,3,-12.5,-20.0
3089,3,-12.5,-17.5
3090,3,-12.5,-15.0
3091,3,-12.5,-12.5
3092,5,-12.5,-10.0
3093,5,-12.5,-7.5
3094,5,-12.5,-5.0
3095,5,-12.5,-2.5
3096,5,-12.5,0.0
3097,5,-12.5,2.5
3098,5,-12.5,5.0
3099,5,-12.5,7.5
3100,5,-12.5,10.0
3101,5,-12.5,12.5
3102,5,-12.5,15.0
3103,5,-12.5,17.5
3104,5,-12.5,20.0
3105,5,-12.5,22.5
3106,5,-12.5,25.0
3107,5,-12.5,27.5
3108,5,-12.5,30.0
3109,5,-12.5,32.5
3110,3,-12.5,35.0
3111,3,-12.5,37.5
3112,3,-12.5,40.0
3113,3,-12.5,42.5
3114,3,-12.5,45.0
3115,3,-12.5,47.5
3116,3,-12.5,50.0
3117,3,-12.5,52.5
3118,3,-12.5,55.0
3119,3,-12.5,57.5
3120,3,-12.5,60.0
3121,3,-12.5,62.5
3122,3,-12.5,65.0
3123,3,-12.5,67.5
3124,3,-12.5,70.0
3125,3,-12.5,72.5
3126,3,-12.5,75.0
3127,3,-12.5,77.5
3128,3,-12.5,80.0
3129,5,-12.5,82.5
3130,5,-12.5,85.0
3131,2,-12.5,87.5
3132,2,-12.5,90.0
3133,2,-12.5,92.5
3134,2,-12.5,95.0
3135,2,-12.5,97.5
3136,2,-12.5,100.0
3137,2,-12.5,102.5
3138,2,-12.5,105.0
3139,2,-12.5,107.5
3140,2,-12.5,110.0
3141,2,-12.5,112.5
3142,2,-12.5,115.0
3143,2,-12.5,117.5
3144,2,-12.5,120.0
3145,2,-12.5,122.5
3146,2,-12.5,125.0
3147,2,-12.5,127.5
3148,2,-12.5,130.0
3149,2,-12.5,132.5
3150,2,-12.5,135.0
3151,2,-12.5,137.5
3152,2,-12.5,140.0
3153,2,-12.5,142.5
3154,2,-12.5,145.0
3155,2,-12.5,147.5
3156,4,-12.5,150.0
3157,4,-12.5,152.5
3158,4,-12.5,155.0
3159,4,-12.5,157.5
3160,4,-12.5,160.0
3161,4,-12.5,162.5
3162,4,-12.5,165.0
3163,4,-12.5,167.5
3164,4,-12.5,170.0
3165,4,-12.5,172.5
3166,4,-12.5,175.0
3167,4,-12.5,177.5
3168,4,-15.0,-180.0
3169,4,-15.0,-177.5
3170,4,-15.0,-175.0
3171,4,-15.0,-172.5
3172,4,-15.0,-170.0
3173,4,-15.0,-167.5
3174,5,-15.0,-165.0
3175,5,-15.0,-162.5
3176,3,-15.0,-160.0
3177,3,-15.0,-157.5
3178,3,-15.0,-155.0
3179,3,-15.0,-152.5
3180,3,-15.0,-150.0
3181,3,-15.0,-147.5
3182,3,-15.0,-145.0
3183,3,-15.0,-142.5
3184,3,-15.0,-140.0
3185,3,-15.0,-137.5
3186,3,-15.0,-135.0
3187,3,-15.0,-132.5
3188,3,-15.0,-130.0
3189,3,-15.0,-127.5
3190,3,-15.0,-125.0
3191,3,-15.0,-122.5
3192,3,-15.0,-120.0
3193,3,-15.0,-117.5
3194,3,-15.0,-115.0
3195,3,-15.0,-112.5
3196,3,-15.0,-110.0
3197,3,-15.0,-107.5
3198,3,-15.0,-105.0
3199,3,-15.0,-102.5
3200,3,-15.0,-100.0
3201,5,-15.0,-97.5
3202,5,-15.0,-95.0
3203,5,-15.0,-92.5
3204,5,-15.0,-90.0
3205,5,-15.0,-87.5
3206,5,-15.0,-85.0
3207,5,-15.0,-82.5
3208,5,-15.0,-80.0
3209,5,-15.0,-77.5
3210,5,-15.0,-75.0
3211,5,-15.0,-72.5
3212,5,-15.0,-70.0
3213,5,-15.0,-67.5
3214,5,-15.0,-65.0
3215,5,-15.0,-62.5
3216,3,-15.0,-60.0
3217,3,-15.0,-57.5
3218,3,-15.0,-55.0
3219,3,-15.0,-52.5
3220,3,-15.0,-50.0
3221,3,-15.0,-47.5
3222,3,-15.0,-45.0
3223,3,-15.0,-42.5
3224,3,-15.0,-40.0
3225,3,-15.0,-37.5
3226,3,-15.0,-35.0
3227,3,-15.0,-32.5
3228,3,-15.0,-30.0
3229,3,-15.0,-27.5
3230,3,-15.0,-25.0
3231,3,-15.0,-22.5
3232,3,-15.0,-20.0
3233,3,-15.0,-17.5
3234,3,-15.0,-15.0
3235,3,-15.0,-12.5
3236,3,-15.0,-10.0
3237,3,-15.0,-7.5
3238,5,-15.0,-5.0
3239,5,-15.0,-2.5
3240,5,-15.0,0.0
3241,5,-15.0,2.5
3242,5,-15.0,5.0
3243,5,-15.0,7.5
3244,5,-15.0,10.0
3245,5,-15.0,12.5
3246,5,-15.0,15.0
3247,5,-15.0,17.5
3248,5,-15.0,20.0
3249,5,-15.0,22.5
3250,5,-15.0,25.0
3251,5,-15.0,27.5
3252,5,-15.0,30.0
3253,5,-15.0,32.5
3254,5,-15.0,35.0
3255,5,-15.0,37.5
3256,3,-15.0,40.0
3257,3,-15.0,42.5
3258,3,-15.0,45.0
3259,3,-15.0,47.5
3260,3,-15.0,50.0
3261,3,-15.0,52.5
3262,3,-15.0,55.0
3263,3,-15.0,57.5
3264,3,-15.0,60.0
3265,3,-15.0,62.5
3266,3,-15.0,65.0
3267,3,-15.0,67.5
3268,3,-15.0,70.0
3269,3,-15.0,72.5
3270,3,-15.0,75.0
3271,3,-15.0,77.5
3272,3,-15.0,80.0
3273,3,-15.0,82.5
3274,3,-15.0,85.0
3275,5,-15.0,87.5
3276,5,-15.0,90.0
3277,5,-15.0,92.5
3278,5,-15.0,95.0
3279,2,-15.0,97.5
3280,2,-15.0,100.0
3281,2,-15.0,102.5
3282,2,-15.0,105.0
3283,2,-15.0,107.5
3284,2,-15.0,110.0
3285,2,-15.0,112.5
3286,2,-15.0,115.0
3287,2,-15.0,117.5
3288,2,-15.0,120.0
3289,2,-15.0,122.5
3290,2,-15.0,125.0
3291,2,-15.0,127.5
3292,2,-15.0,130.0
3293,2,-15.0,132.5
3294,2,-15.0,135.0
3295,2,-15.0,137.5
3296,2,-15.0,140.0
3297,2,-15.0,142.5
3298,2,-15.0,145.0
3299,2,-15.0,147.5
3300,2,-15.0,150.0
3301,4,-15.0,152.5
3302,4,-15.0,155.0
3303,4,-15.0,157.5
3304,4,-15.0,160.0
3305,4,-15.0,162.5
3306,4,-15.0,165.0
3307,4,-15.0,167.5
3308,4,-15.0,170.0
3309,4,-15.0,172.5
3310,4,-15.0,175.0
3311,4,-15.0,177.5
3312,4,-17.5,-180.0
3313,4,-17.5,-177.5
3314,4,-17.5,-175.0
3315,4,-17.5,-172.5
3316,4,-17.5,-170.0
3317,4,-17.5,-167.5
3318,4,-17.5,-165.0
3319,4,-17.5,-162.5
3320,4,-17.5,-160.0
3321,5,-17.5,-157.5
3322,3,-17.5,-155.0
3323,3,-17.5,-152.5
3324,3,-17.5,-150.0
3325,3,-17.5,-147.5
3326,3,-17.5,-145.0
3327,3,-17.5,-142.5
3328,3,-17.5,-140.0
3329,3,-17.5,-137.5
3330,3,-17.5,-135.0
3331,3,-17.5,-132.5
3332,3,-17.5,-130.0
3333,3,-17.5,-127.5
3334,3,-17.5,-125.0
3335,3,-17.5,-122.5
3336,3,-17.5,-120.0
3337,3,-17.5,-117.5
3338,3,-17.5,-115.0
3339,3,-17.5,-112.5
3340,3,-17.5,-110.0
3341,3,-17.5,-107.5
3342,3,-17.5,-105.0
3343,3,-17.5,-102.5
3344,3,-17.5,-100.0
3345,3,-17.5,-97.5
3346,3,-17.5,-95.0
3347,3,-17.5,-92.5
3348,3,-17.5,-90.0
3349,5,-17.5,-87.5
3350,5,-17.5,-85.0
3351,5,-17.5,-82.5
3352,5,-17.5,-80.0
3353,5,-17.5,-77.5
3354,5,-17.5,-75.0
3355,5,-17.5,-72.5
3356,5,-17.5,-70.0
3357,5,-17.5,-67.5
3358,5,-17.5,-65.0
3359,5,-17.5,-62.5
3360,5,-17.5,-60.0
3361,5,-17.5,-57.5
3362,3,-17.5,-55.0
3363,3,-17.5,-52.5
3364,3,-17.5,-50.0
3365,3,-17.5,-47.5
3366,3,-17.5,-45.0
3367,3,-17.5,-42.5
3368,3,-17.5,-40.0
3369,3,-17.5,-37.5
3370,3,-17.5,-35.0
3371,3,-17.5,-32.5
3372,3,-17.5,-30.0
3373,3,-17.5,-27.5
3374,3,-17.5,-25.0
3375,3,-17.5,-22.5
3376,3,-17.5,-20.0
3377,3,-17.5,-17.5
3378,3,-17.5,-15.0
3379,3,-17.5,-12.5
3380,3,-17.5,-10.0
3381,3,-17.5,-7.5
3382,3,-17.5,-5.0
3383,5,-17.5,-2.5
3384,5,-17.5,0.0
3385,5,-17.5,2.5
3386,5,-17.5,5.0
3387,5,-17.5,7.5
3388,5,-17.5,10.0
3389,5,-17.5,12.5
3390,5,-17.5,15.0
3391,5,-17.5,17.5
3392,5,-17.5,20.0
3393,5,-17.5,22.5
3394,5,-17.5,25.0
3395,5,-17.5,27.5
3396,5,-17.5,30.0
3397,5,-17.5,32.5
3398,5,-17.5,35.0
3399,5,-17.5,37.5
3400,5,-17.5,40.0
3401,3,-17.5,42.5
3402,3,-17.5,45.0
3403,3,-17.5,47.5
3404,3,-17.5,50.0
3405,3,-17.5,52.5
3406,3,-17.5,55.0
3407,3,-17.5,57.5
3408,3,-17.5,60.0
3409,3,-17.5,62.5
3410,3,-17.5,65.0
3411,3,-17.5,67.5
3412,3,-17.5,70.0
3413,3,-17.5,72.5
3414,3,-17.5,75.0
3415,3,-17.5,77.5
3416,3,-17.5,80.0
3417,3,-17.5,82.5
3418,3,-17.5,85.0
3419,3,-17.5,87.5
3420,3,-17.5,90.0
3421,5,-17.5,92.5
3422,5,-17.5,95.0
3423,5,-17.5,97.5
3424,5,-17.5,100.0
3425,5,-17.5,102.5
3426,5,-17.5,105.0
3427,5,-17.5,107.5
3428,5,-17.5,110.0
3429,5,-17.5,112.5
3430,5,-17.5,115.0
3431,5,-17.5,117.5
3432,5,-17.5,120.0
3433,5,-17.5,122.5
3434,5,-17.5,125.0
3435,2,-17.5,127.5
3436,2,-17.5,130.0
3437,2,-17.5,132.5
3438,2,-17.5,135.0
3439,2,-17.5,137.5
3440,2,-17.5,140.0
3441,2,-17.5,142.5
3442,2,-17.5,145.0
3443,2,-17.5,147.5
3444,2,-17.5,150.0
3445,2,-17.5,152.5
3446,2,-17.5,155.0
3447,4,-17.5,157.5
3448,4,-17.5,160.0
3449,4,-17.5,162.5
3450,4,-17.5,165.0
3451,4,-17.5,167.5
3452,4,-17.5,170.0
3453,4,-17.5,172.5
3454,4,-17.5,175.0
3455,4,-17.5,177.5
3456,4,-20.0,-180.0
3457,4,-20.0,-177.5
3458,4,-20.0,-175.0
3459,4,-20.0,-172.5
3460,4,-20.0,-170.0
3461,4,-20.0,-167.5
3462,4,-20.0,-165.0
3463,4,-20.0,-162.5
3464,4,-20.0,-160.0
3465,4,-20.0,-157.5
3466,4,-20.0,-155.0
3467,3,-20.0,-152.5
3468,3,-20.0,-150.0
3469,3,-20.0,-147.5
3470,3,-20.0,-145.0
3471,3,-20.0,-142.5
3472,3,-20.0,-140.0
3473,3,-20.0,-137.5
3474,3,-20.0,-135.0
3475,3,-20.0,-132.5
3476,3,-20.0,-130.0
3477,3,-20.0,-127.5
3478,3,-20.0,-125.0
3479,3,-20.0,-122.5
3480,3,-20.0,-120.0
3481,3,-20.0,-117.5
3482,3,-20.0,-115.0
3483,3,-20.0,-112.5
3484,3,-20.0,-110.0
3485,3,-20.0,-107.5
3486,3,-20.0,-105.0
3487,3,-20.0,-102.5
3488,3,-20.0,-100.0
3489,3,-20.0,-97.5
3490,3,-20.0,-95.0
3491,3,-20.0,-92.5
3492,3,-20.0,-90.0
3493,3,-20.0,-87.5
3494,3,-20.0,-85.0
3495,3,-20.0,-82.5
3496,5,-20.0,-80.0
3497,5,-20.0,-77.5
3498,5,-20.0,-75.0
3499,5,-20.0,-72.5
3500,5,-20.0,-70.0
3501,5,-20.0,-67.5
3502,5,-20.0,-65.0
3503,5,-20.0,-62.5
3504,5,-20.0,-60.0
3505,5,-20.0,-57.5
3506,5,-20.0,-55.0
3507,5,-20.0,-52.5
3508,5,-20.0,-50.0
3509,3,-20.0,-47.5
3510,3,-20.0,-45.0
3511,3,-20.0,-42.5
3512,3,-20.0,-40.0
3513,3,-20.0,-37.5
3514,3,-20.0,-35.0
3515,3,-20.0,-32.5
3516,3,-20.0,-30.0
3517,3,-20.0,-27.5
3518,3,-20.0,-25.0
3519,3,-20.0,-22.5
3520,3,-20.0,-20.0
3521,3,-20.0,-17.5
3522,3,-20.0,-15.0
3523,3,-20.0,-12.5
3524,3,-20.0,-10.0
3525,3,-20.0,-7.5
3526,3,-20.0,-5.0
3527,3,-20.0,-2.5
3528,5,-20.0,0.0
3529,5,-20.0,2.5
3530,5,-20.0,5.0
3531,5,-20.0,7.5
3532,5,-20.0,10.0
3533,5,-20.0,12.5
3534,5,-20.0,15.0
3535,5,-20.0,17.5
3536,5,-20.0,20.0
3537,5,-20.0,22.5
3538,5,-20.0,25.0
3539,5,-20.0,27.5
3540,5,-20.0,30.0
3541,5,-20.0,32.5
3542,5,-20.0,35.0
3543,5,-20.0,37.5
3544,5,-20.0,40.0
3545,5,-20.0,42.5
3546,5,-20.0,45.0
3547,3,-20.0,47.5
3548,3,-20.0,50.0
3549,3,-20.0,52.5
3550,3,-20.0,55.0
3551,3,-20.0,57.5
3552,3,-20.0,60.0
3553,3,-20.0,62.5
3554,3,-20.0,65.0
3555,3,-20.0,67.5
3556,3,-20.0,70.0
3557,3,-20.0,72.5
3558,3,-20.0,75.0
3559,3,-20.0,77.5
3560,3,-20.0,80.0
3561,3,-20.0,82.5
3562,3,-20.0,85.0
3563,3,-20.0,87.5
3564,3,-20.0,90.0
3565,3,-20.0,92.5
3566,3,-20.0,95.0
3567,3,-20.0,97.5
3568,5,-20.0,100.0
3569,5,-20.0,102.5
3570,5,-20.0,105.0
3571,5,-20.0,107.5
3572,5,-20.0,110.0
3573,5,-20.0,112.5
3574,5,-20.0,115.0
3575,5,-20.0,117.5
3576,5,-20.0,120.0
3577,5,-20.0,122.5
3578,5,-20.0,125.0
3579,5,-20.0,127.5
3580,5,-20.0,130.0
3581,2,-20.0,132.5
3582,2,-20.0,135.0
3583,2,-20.0,137.5
3584,2,-20.0,140.0
3585,2,-20.0,142.5
3586,2,-20.0,145.0
3587,2,-20.0,147.5
3588,2,-20.0,150.0
3589,2,-20.0,152.5
3590,2,-20.0,155.0
3591,2,-20.0,157.5
3592,4,-20.0,160.0
3593,4,-20.0,162.5
3594,4,-20.0,165.0
3595,4,-20.0,167.5
3596,4,-20.0,170.0
3597,4,-20.0,172.5
3598,4,-20.0,175.0
3599,4,-20.0,177.5
3600,4,-22.5,-180.0
3601,4,-22.5,-177.5
3602,4,-22.5,-175.0
3603,4,-22.5,-172.5
3604,4,-22.5,-170.0
3605,4,-22.5,-167.5
3606,4,-22.5,-165.0
3607,4,-22.5,-162.5
3608,4,-22.5,-160.0
3609,4,-22.5,-157.5
3610,4,-22.5,-155.0
3611,4,-22.5,-152.5
3612,4,-22.5,-150.0
3613,3,-22.5,-147.5
3614,3,-22.5,-145.0
3615,3,-22.5,-142.5
3616,3,-22.5,-140.0
3617,3,-22.5,-137.5
3618,3,-22.5,-135.0
3619,3,-22.5,-132.5
3620,3,-22.5,-130.0
3621,3,-22.5,-127.5
3622,3,-22.5,-125.0
3623,3,-22.5,-122.5
3624,3,-22.5,-120.0
3625,3,-22.5,-117.5
3626,3,-22.5,-115.0
3627,3,-22.5,-112.5
3628,3,-22.5,-110.0
3629,3,-22.5,-107.5
3630,3,-22.5,-105.0
3631,3,-22.5,-102.5
3632,3,-22.5,-100.0
3633,3,-22.5,-97.5
3634,3,-22.5,-95.0
3635,3,-22.5,-92.5
3636,3,-22.5,-90.0
3637,3,-22.5,-87.5
3638,3,-22.5,-85.0
3639,3,-22.5,-82.5
3640,3,-22.5,-80.0
3641,3,-22.5,-77.5
3642,3,-22.5,-75.0
3643,5,-22.5,-72.5
3644,5,-22.5,-70.0
3645,5,-22.5,-67.5
3646,5,-22.5,-65.0
3647,5,-22.5,-62.5
3648,5,-22.5,-60.0
3649,5,-22.5,-57.5
3650,5,-22.5,-55.0
3651,5,-22.5,-52.5
3652,5,-22.5,-50.0
3653,5,-22.5,-47.5
3654,5,-22.5,-45.0
3655,3,-22.5,-42.5
3656,3,-22.5,-40.0
3657,3,-22.5,-37.5
3658,3,-22.5,-35.0
3659,3,-22.5,-32.5
3660,3,-22.5,-30.0
3661,3,-22.5,-27.5
3662,3,-22.5,-25.0
3663,3,-22.5,-22.5
3664,3,-22.5,-20.0
3665,3,-22.5,-17.5
3666,3,-22.5,-15.0
3667,3,-22.5,-12.5
3668,3,-22.5,-10.0
3669,3,-22.5,-7.5
3670,3,-22.5,-5.0
3671,3,-22.5,-2.5
3672,3,-22.5,0.0
3673,5,-22.5,2.5
3674,5,-22.5,5.0
3675,5,-22.5,7.5
3676,5,-22.5,10.0
3677,5,-22.5,12.5
3678,5,-22.5,15.0
3679,5,-22.5,17.5
3680,5,-22.5,20.0
3681,5,-22.5,22.5
3682,5,-22.5,25.0
3683,5,-22.5,27.5
3684,5,-22.5,30.0
3685,5,-22.5,32.5
3686,5,-22.5,35.0
3687,5,-22.5,37.5
3688,5,-22.5,40.0
3689,5,-22.5,42.5
3690,5,-22.5,45.0
3691,5,-22.5,47.5
3692,3,-22.5,50.0
3693,3,-22.5,52.5
3694,3,-22.5,55.0
3695,3,-22.5,57.5
3696,3,-22.5,60.0
3697,3,-22.5,62.5
3698,3,-22.5,65.0
3699,3,-22.5,67.5
3700,3,-22.5,70.0
3701,3,-22.5,72.5
3702,3,-22.5,75.0
3703,3,-22.5,77.5
3704,3,-22.5,80.0
3705,3,-22.5,82.5
3706,3,-22.5,85.0
3707,3,-22.5,87.5
3708,3,-22.5,90.0
3709,3,-22.5,92.5
3710,3,-22.5,95.0
3711,3,-22.5,97.5
3712,3,-22.5,100.0
3713,3,-22.5,102.5
3714,5,-22.5,105.0
3715,5,-22.5,107.5
3716,5,-22.5,110.0
3717,5,-22.5,112.5
3718,5,-22.5,115.0
3719,3,-22.5,117.5
3720,3,-22.5,120.0
3721,5,-22.5,122.5
3722,5,-22.5,125.0
3723,5,-22.5,127.5
3724,5,-22.5,130.0
3725,5,-22.5,132.5
3726,5,-22.5,135.0
3727,5,-22.5,137.5
3728,2,-22.5,140.0
3729,2,-22.5,142.5
3730,2,-22.5,145.0
3731,2,-22.5,147.5
3732,2,-22.5,150.0
3733,2,-22.5,152.5
3734,2,-22.5,155.0
3735,2,-22.5,157.5
3736,2,-22.5,160.0
3737,2,-22.5,162.5
3738,2,-22.5,165.0
3739,4,-22.5,167.5
3740,4,-22.5,170.0
3741,4,-22.5,172.5
3742,4,-22.5,175.0
3743,4,-22.5,177.5
3744,4,-25.0,-180.0
3745,4,-25.0,-177.5
3746,4,-25.0,-175.0
3747,4,-25.0,-172.5
3748,4,-25.0,-170.0
3749,4,-25.0,-167.5
3750,4,-25.0,-165.0
3751,4,-25.0,-162.5
3752,4,-25.0,-160.0
3753,4,-25.0,-157.5
3754,4,-25.0,-155.0
3755,4,-25.0,-152.5
3756,4,-25.0,-150.0
3757,4,-25.0,-147.5
3758,5,-25.0,-145.0
3759,3,-25.0,-142.5
3760,3,-25.0,-140.0
3761,3,-25.0,-137.5
3762,3,-25.0,-135.0
3763,3,-25.0,-132.5
3764,3,-25.0,-130.0
3765,3,-25.0,-127.5
3766,3,-25.0,-125.0
3767,3,-25.0,-122.5
3768,3,-25.0,-120.0
3769,3,-25.0,-117.5
3770,3,-25.0,-115.0
3771,3,-25.0,-112.5
3772,3,-25.0,-110.0
3773,3,-25.0,-107.5
3774,3,-25.0,-105.0
3775,3,-25.0,-102.5
3776,3,-25.0,-100.0
3777,3,-25.0,-97.5
3778,3,-25.0,-95.0
3779,3,-25.0,-92.5
3780,3,-25.0,-90.0
3781,3,-25.0,-87.5
3782,3,-25.0,-85.0
3783,3,-25.0,-82.5
3784,3,-25.0,-80.0
3785,3,-25.0,-77.5
3786,3,-25.0,-75.0
3787,3,-25.0,-72.5
3788,5,-25.0,-70.0
3789,5,-25.0,-67.5
3790,5,-25.0,-65.0
3791,5,-25.0,-62.5
3792,5,-25.0,-60.0
3793,5,-25.0,-57.5
3794,5,-25.0,-55.0
3795,5,-25.0,-52.5
3796,5,-25.0,-50.0
3797,5,-25.0,-47.5
3798,5,-25.0,-45.0
3799,5,-25.0,-42.5
3800,3,-25.0,-40.0
3801,3,-25.0,-37.5
3802,3,-25.0,-35.0
3803,3,-25.0,-32.5
3804,3,-25.0,-30.0
3805,3,-25.0,-27.5
3806,3,-25.0,-25.0
3807,3,-25.0,-22.5
3808,3,-25.0,-20.0
3809,3,-25.0,-17.5
3810,3,-25.0,-15.0
3811,3,-25.0,-12.5
3812,3,-25.0,-10.0
3813,3,-25.0,-7.5
3814,3,-25.0,-5.0
3815,3,-25.0,-2.5
3816,3,-25.0,0.0
3817,3,-25.0,2.5
3818,3,-25.0,5.0
3819,3,-25.0,7.5
3820,5,-25.0,10.0
3821,5,-25.0,12.5
3822,5,-25.0,15.0
3823,5,-25.0,17.5
3824,5,-25.0,20.0
3825,5,-25.0,22.5
3826,5,-25.0,25.0
3827,5,-25.0,27.5
3828,5,-25.0,30.0
3829,5,-25.0,32.5
3830,5,-25.0,35.0
3831,5,-25.0,37.5
3832,5,-25.0,40.0
3833,5,-25.0,42.5
3834,5,-25.0,45.0
3835,5,-25.0,47.5
3836,5,-25.0,50.0
3837,5,-25.0,52.5
3838,3,-25.0,55.0
3839,3,-25.0,57.5
3840,3,-25.0,60.0
3841,3,-25.0,62.5
3842,3,-25.0,65.0
3843,3,-25.0,67.5
3844,3,-25.0,70.0
3845,3,-25.0,72.5
3846,3,-25.0,75.0
3847,3,-25.0,77.5
3848,3,-25.0,80.0
3849,3,-25.0,82.5
3850,3,-25.0,85.0
3851,3,-25.0,87.5
3852,3,-25.0,90.0
3853,3,-25.0,92.5
3854,3,-25.0,95.0
3855,3,-25.0,97.5
3856,3,-25.0,100.0
3857,3,-25.0,102.5
3858,3,-25.0,105.0
3859,3,-25.0,107.5
3860,3,-25.0,110.0
3861,3,-25.0,112.5
3862,3,-25.0,115.0
3863,3,-25.0,117.5
3864,3,-25.0,120.0
3865,5,-25.0,122.5
3866,5,-25.0,125.0
3867,5,-25.0,127.5
3868,5,-25.0,130.0
3869,5,-25.0,132.5
3870,5,-25.0,135.0
3871,5,-25.0,137.5
3872,5,-25.0,140.0
3873,5,-25.0,142.5
3874,5,-25.0,145.0
3875,5,-25.0,147.5
3876,5,-25.0,150.0
3877,5,-25.0,152.5
3878,5,-25.0,155.0
3879,5,-25.0,157.5
3880,5,-25.0,160.0
3881,5,-25.0,162.5
3882,5,-25.0,165.0
3883,5,-25.0,167.5
3884,5,-25.0,170.0
3885,5,-25.0,172.5
3886,4,-25.0,175.0
3887,4,-25.0,177.5
3888,5,-27.5,-180.0
3889,4,-27.5,-177.5
3890,4,-27.5,-175.0
3891,4,-27.5,-172.5
3892,4,-27.5,-170.0
3893,4,-27.5,-167.5
3894,4,-27.5,-165.0
3895,4,-27.5,-162.5
3896,4,-27.5,-160.0
3897,4,-27.5,-157.5
3898,4,-27.5,-155.0
3899,4,-27.5,-152.5
3900,4,-27.5,-150.0
3901,4,-27.5,-147.5
3902,4,-27.5,-145.0
3903,5,-27.5,-142.5
3904,5,-27.5,-140.0
3905,3,-27.5,-137.5
3906,3,-27.5,-135.0
3907,3,-27.5,-132.5
3908,3,-27.5,-130.0
3909,3,-27.5,-127.5
3910,3,-27.5,-125.0
3911,3,-27.5,-122.5
3912,3,-27.5,-120.0
3913,3,-27.5,-117.5
3914,3,-27.5,-115.0
3915,3,-27.5,-112.5
3916,3,-27.5,-110.0
3917,3,-27.5,-107.5
3918,3,-27.5,-105.0
3919,3,-27.5,-102.5
3920,3,-27.5,-100.0
3921,3,-27.5,-97.5
3922,3,-27.5,-95.0
3923,3,-27.5,-92.5
3924,3,-27.5,-90.0
3925,3,-27.5,-87.5
3926,3,-27.5,-85.0
3927,3,-27.5,-82.5
3928,3,-27.5,-80.0
3929,3,-27.5,-77.5
3930,3,-27.5,-75.0
3931,3,-27.5,-72.5
3932,3,-27.5,-70.0
3933,5,-27.5,-67.5
3934,5,-27.5,-65.0
3935,5,-27.5,-62.5
3936,5,-27.5,-60.0
3937,5,-27.5,-57.5
3938,5,-27.5,-55.0
3939,5,-27.5,-52.5
3940,5,-27.5,-50.0
3941,5,-27.5,-47.5
3942,5,-27.5,-45.0
3943,5,-27.5,-42.5
3944,5,-27.5,-40.0
3945,5,-27.5,-37.5
3946,3,-27.5,-35.0
3947,3,-27.5,-32.5
3948,3,-27.5,-30.0
3949,3,-27.5,-27.5
3950,3,-27.5,-25.0
3951,3,-27.5,-22.5
3952,3,-27.5,-20.0
3953,3,-27.5,-17.5
3954,3,-27.5,-15.0
3955,3,-27.5,-12.5
3956,3,-27.5,-10.0
3957,3,-27.5,-7.5
3958,3,-27.5,-5.0
3959,3,-27.5,-2.5
3960,3,-27.5,0.0
3961,3,-27.5,2.5
3962,3,-27.5,5.0
3963,3,-27.5,7.5
3964,3,-27.5,10.0
3965,3,-27.5,12.5
3966,5,-27.5,15.0
3967,5,-27.5,17.5
3968,5,-27.5,20.0
3969,5,-27.5,22.5
3970,5,-27.5,25.0
3971,5,-27.5,27.5
3972,5,-27.5,30.0
3973,5,-27.5,32.5
3974,5,-27.5,35.0
3975,5,-27.5,37.5
3976,5,-27.5,40.0
3977,5,-27.5,42.5
3978,5,-27.5,45.0
3979,5,-27.5,47.5
3980,5,-27.5,50.0
3981,5,-27.5,52.5
3982,5,-27.5,55.0
3983,3,-27.5,57.5
3984,3,-27.5,60.0
3985,3,-27.5,62.5
3986,3,-27.5,65.0
3987,3,-27.5,67.5
3988,3,-27.5,70.0
3989,3,-27.5,72.5
3990,3,-27.5,75.0
3991,3,-27.5,77.5
3992,3,-27.5,80.0
3993,3,-27.5,82.5
3994,3,-27.5,85.0
3995,3,-27.5,87.5
3996,3,-27.5,90.0
3997,3,-27.5,92.5
3998,3,-27.5,95.0
3999,3,-27.5,97.5
4000,3,-27.5,100.0
4001,3,-27.5,102.5
4002,3,-27.5,105.0
4003,3,-27.5,107.5
4004,3,-27.5,110.0
4005,3,-27.5,112.5
4006,3,-27.5,115.0
4007,3,-27.5,117.5
4008,3,-27.5,120.0
4009,3,-27.5,122.5
4010,3,-27.5,125.0
4011,5,-27.5,127.5
4012,5,-27.5,130.0
4013,5,-27.5,132.5
4014,5,-27.5,135.0
4015,5,-27.5,137.5
4016,5,-27.5,140.0
4017,5,-27.5,142.5
4018,5,-27.5,145.0
4019,5,-27.5,147.5
4020,5,-27.5,150.0
4021,5,-27.5,152.5
4022,5,-27.5,155.0
4023,5,-27.5,157.5
4024,5,-27.5,160.0
4025,5,-27.5,162.5
4026,5,-27.5,165.0
4027,5,-27.5,167.5
4028,5,-27.5,170.0
4029,5,-27.5,172.5
4030,5,-27.5,175.0
4031,5,-27.5,177.5
4032,5,-30.0,-180.0
4033,5,-30.0,-177.5
4034,5,-30.0,-175.0
4035,5,-30.0,-172.5
4036,5,-30.0,-170.0
4037,5,-30.0,-167.5
4038,4,-30.0,-165.0
4039,4,-30.0,-162.5
4040,4,-30.0,-160.0
4041,4,-30.0,-157.5
4042,4,-30.0,-155.0
4043,4,-30.0,-152.5
4044,4,-30.0,-150.0
4045,4,-30.0,-147.5
4046,4,-30.0,-145.0
4047,5,-30.0,-142.5
4048,5,-30.0,-140.0
4049,5,-30.0,-137.5
4050,5,-30.0,-135.0
4051,5,-30.0,-132.5
4052,3,-30.0,-130.0
4053,3,-30.0,-127.5
4054,3,-30.0,-125.0
4055,3,-30.0,-122.5
4056,3,-30.0,-120.0
4057,3,-30.0,-117.5
4058,3,-30.0,-115.0
4059,3,-30.0,-112.5
4060,3,-30.0,-110.0
4061,3,-30.0,-107.5
4062,3,-30.0,-105.0
4063,3,-30.0,-102.5
4064,3,-30.0,-100.0
4065,3,-30.0,-97.5
4066,3,-30.0,-95.0
4067,3,-30.0,-92.5
4068,3,-30.0,-90.0
4069,3,-30.0,-87.5
4070,3,-30.0,-85.0
4071,3,-30.0,-82.5
4072,3,-30.0,-80.0
4073,3,-30.0,-77.5
4074,3,-30.0,-75.0
4075,3,-30.0,-72.5
4076,3,-30.0,-70.0
4077,5,-30.0,-67.5
4078,5,-30.0,-65.0
4079,5,-30.0,-62.5
4080,5,-30.0,-60.0
4081,5,-30.0,-57.5
4082,5,-30.0,-55.0
4083,5,-30.0,-52.5
4084,5,-30.0,-50.0
4085,5,-30.0,-47.5
4086,5,-30.0,-45.0
4087,5,-30.0,-42.5
4088,5,-30.0,-40.0
4089,5,-30.0,-37.5
4090,3,-30.0,-35.0
4091,3,-30.0,-32.5
4092,3,-30.0,-30.0
4093,3,-30.0,-27.5
4094,3,-30.0,-25.0
4095,3,-30.0,-22.5
4096,3,-30.0,-20.0
4097,3,-30.0,-17.5
4098,3,-30.0,-15.0
4099,3,-30.0,-12.5
4100,3,-30.0,-10.0
4101,3,-30.0,-7.5
4102,3,-30.0,-5.0
4103,3,-30.0,-2.5
4104,3,-30.0,0.0
4105,3,-30.0,2.5
4106,3,-30.0,5.0
4107,3,-30.0,7.5
4108,3,-30.0,10.0
4109,3,-30.0,12.5
4110,3,-30.0,15.0
4111,3,-30.0,17.5
4112,5,-30.0,20.0
4113,5,-30.0,22.5
4114,5,-30.0,25.0
4115,5,-30.0,27.5
4116,5,-30.0,30.0
4117,5,-30.0,32.5
4118,5,-30.0,35.0
4119,5,-30.0,37.5
4120,5,-30.0,40.0
4121,5,-30.0,42.5
4122,5,-30.0,45.0
4123,5,-30.0,47.5
4124,5,-30.0,50.0
4125,5,-30.0,52.5
4126,5,-30.0,55.0
4127,5,-30.0,57.5
4128,3,-30.0,60.0
4129,3,-30.0,62.5
4130,3,-30.0,65.0
4131,3,-30.0,67.5
4132,3,-30.0,70.0
4133,3,-30.0,72.5
4134,3,-30.0,75.0
4135,3,-30.0,77.5
4136,3,-30.0,80.0
4137,3,-30.0,82.5
4138,3,-30.0,85.0
4139,3,-30.0,87.5
4140,3,-30.0,90.0
4141,3,-30.0,92.5
4142,3,-30.0,95.0
4143,3,-30.0,97.5
4144,3,-30.0,100.0
4145,3,-30.0,102.5
4146,3,-30.0,105.0
4147,3,-30.0,107.5
4148,3,-30.0,110.0
4149,3,-30.0,112.5
4150,3,-30.0,115.0
4151,3,-30.0,117.5
4152,3,-30.0,120.0
4153,3,-30.0,122.5
4154,3,-30.0,125.0
4155,3,-30.0,127.5
4156,5,-30.0,130.0
4157,5,-30.0,132.5
4158,5,-30.0,135.0
4159,5,-30.0,137.5
4160,5,-30.0,140.0
4161,5,-30.0,142.5
4162,5,-30.0,145.0
4163,5,-30.0,147.5
4164,5,-30.0,150.0
4165,5,-30.0,152.5
4166,5,-30.0,155.0
4167,5,-30.0,157.5
4168,5,-30.0,160.0
4169,5,-30.0,162.5
4170,5,-30.0,165.0
4171,5,-30.0,167.5
4172,5,-30.0,170.0
4173,5,-30.0,172.5
4174,5,-30.0,175.0
4175,5,-30.0,177.5
4176,5,-32.5,-180.0
4177,5,-32.5,-177.5
4178,5,-32.5,-175.0
4179,5,-32.5,-172.5
4180,5,-32.5,-170.0
4181,5,-32.5,-167.5
4182,5,-32.5,-165.0
4183,5,-32.5,-162.5
4184,5,-32.5,-160.0
4185,5,-32.5,-157.5
4186,4,-32.5,-155.0
4187,4,-32.5,-152.5
4188,5,-32.5,-150.0
4189,5,-32.5,-147.5
4190,5,-32.5,-145.0
4191,5,-32.5,-142.5
4192,5,-32.5,-140.0
4193,5,-32.5,-137.5
4194,5,-32.5,-135.0
4195,5,-32.5,-132.5
4196,5,-32.5,-130.0
4197,3,-32.5,-127.5
4198,3,-32.5,-125.0
4199,3,-32.5,-122.5
4200,3,-32.5,-120.0
4201,3,-32.5,-117.5
4202,3,-32.5,-115.0
4203,3,-32.5,-112.5
4204,3,-32.5,-110.0
4205,3,-32.5,-107.5
4206,3,-32.5,-105.0
4207,3,-32.5,-102.5
4208,3,-32.5,-100.0
4209,3,-32.5,-97.5
4210,3,-32.5,-95.0
4211,3,-32.5,-92.5
4212,3,-32.5,-90.0
4213,3,-32.5,-87.5
4214,3,-32.5,-85.0
4215,3,-32.5,-82.5
4216,3,-32.5,-80.0
4217,3,-32.5,-77.5
4218,3,-32.5,-75.0
4219,3,-32.5,-72.5
4220,3,-32.5,-70.0
4221,3,-32.5,-67.5
4222,3,-32.5,-65.0
4223,3,-32.5,-62.5
4224,3,-32.5,-60.0
4225,3,-32.5,-57.5
4226,3,-32.5,-55.0
4227,3,-32.5,-52.5
4228,3,-32.5,-50.0
4229,3,-32.5,-47.5
4230,3,-32.5,-45.0
4231,3,-32.5,-42.5
4232,3,-32.5,-40.0
4233,3,-32.5,-37.5
4234,3,-32.5,-35.0
4235,3,-32.5,-32.5
4236,3,-32.5,-30.0
4237,3,-32.5,-27.5
4238,3,-32.5,-25.0
4239,3,-32.5,-22.5
4240,3,-32.5,-20.0
4241,3,-32.5,-17.5
4242,3,-32.5,-15.0
4243,3,-32.5,-12.5
4244,3,-32.5,-10.0
4245,3,-32.5,-7.5
4246,3,-32.5,-5.0
4247,3,-32.5,-2.5
4248,3,-32.5,0.0
4249,3,-32.5,2.5
4250,3,-32.5,5.0
4251,3,-32.5,7.5
4252,3,-32.5,10.0
4253,3,-32.5,12.5
4254,3,-32.5,15.0
4255,3,-32.5,17.5
4256,3,-32.5,20.0
4257,3,-32.5,22.5
4258,5,-32.5,25.0
4259,5,-32.5,27.5
4260,3,-32.5,30.0
4261,3,-32.5,32.5
4262,3,-32.5,35.0
4263,3,-32.5,37.5
4264,3,-32.5,40.0
4265,5,-32.5,42.5
4266,5,-32.5,45.0
4267,5,-32.5,47.5
4268,5,-32.5,50.0
4269,5,-32.5,52.5
4270,5,-32.5,55.0
4271,5,-32.5,57.5
4272,3,-32.5,60.0
4273,3,-32.5,62.5
4274,3,-32.5,65.0
4275,3,-32.5,67.5
4276,3,-32.5,70.0
4277,3,-32.5,72.5
4278,3,-32.5,75.0
4279,3,-32.5,77.5
4280,3,-32.5,80.0
4281,3,-32.5,82.5
4282,3,-32.5,85.0
4283,3,-32.5,87.5
4284,3,-32.5,90.0
4285,3,-32.5,92.5
4286,3,-32.5,95.0
4287,3,-32.5,97.5
4288,3,-32.5,100.0
4289,3,-32.5,102.5
4290,3,-32.5,105.0
4291,3,-32.5,107.5
4292,3,-32.5,110.0
4293,3,-32.5,112.5
4294,3,-32.5,115.0
4295,3,-32.5,117.5
4296,3,-32.5,120.0
4297,3,-32.5,122.5
4298,3,-32.5,125.0
4299,3,-32.5,127.5
4300,3,-32.5,130.0
4301,3,-32.5,132.5
4302,3,-32.5,135.0
4303,5,-32.5,137.5
4304,5,-32.5,140.0
4305,5,-32.5,142.5
4306,5,-32.5,145.0
4307,5,-32.5,147.5
4308,5,-32.5,150.0
4309,5,-32.5,152.5
4310,5,-32.5,155.0
4311,5,-32.5,157.5
4312,5,-32.5,160.0
4313,5,-32.5,162.5
4314,5,-32.5,165.0
4315,5,-32.5,167.5
4316,5,-32.5,170.0
4317,5,-32.5,172.5
4318,5,-32.5,175.0
4319,5,-32.5,177.5
4320,5,-35.0,-180.0
4321,5,-35.0,-177.5
4322,5,-35.0,-175.0
4323,5,-35.0,-172.5
4324,5,-35.0,-170.0
4325,5,-35.0,-167.5
4326,5,-35.0,-165.0
4327,5,-35.0,-162.5
4328,5,-35.0,-160.0
4329,5,-35.0,-157.5
4330,5,-35.0,-155.0
4331,5,-35.0,-152.5
4332,5,-35.0,-150.0
4333,5,-35.0,-147.5
4334,5,-35.0,-145.0
4335,5,-35.0,-142.5
4336,5,-35.0,-140.0
4337,5,-35.0,-137.5
4338,5,-35.0,-135.0
4339,5,-35.0,-132.5
4340,5,-35.0,-130.0
4341,5,-35.0,-127.5
4342,5,-35.0,-125.0
4343,3,-35.0,-122.5
4344,3,-35.0,-120.0
4345,3,-35.0,-117.5
4346,3,-35.0,-115.0
4347,3,-35.0,-112.5
4348,3,-35.0,-110.0
4349,3,-35.0,-107.5
4350,3,-35.0,-105.0
4351,3,-35.0,-102.5
4352,3,-35.0,-100.0
4353,3,-35.0,-97.5
4354,3,-35.0,-95.0
4355,3,-35.0,-92.5
4356,3,-35.0,-90.0
4357,3,-35.0,-87.5
4358,3,-35.0,-85.0
4359,3,-35.0,-82.5
4360,3,-35.0,-80.0
4361,3,-35.0,-77.5
4362,3,-35.0,-75.0
4363,3,-35.0,-72.5
4364,3,-35.0,-70.0
4365,3,-35.0,-67.5
4366,3,-35.0,-65.0
4367,3,-35.0,-62.5
4368,3,-35.0,-60.0
4369,3,-35.0,-57.5
4370,3,-35.0,-55.0
4371,3,-35.0,-52.5
4372,3,-35.0,-50.0
4373,3,-35.0,-47.5
4374,3,-35.0,-45.0
4375,3,-35.0,-42.5
4376,3,-35.0,-40.0
4377,3,-35.0,-37.5
4378,3,-35.0,-35.0
4379,3,-35.0,-32.5
4380,3,-35.0,-30.0
4381,3,-35.0,-27.5
4382,3,-35.0,-25.0
4383,3,-35.0,-22.5
4384,3,-35.0,-20.0
4385,3,-35.0,-17.5
4386,3,-35.0,-15.0
4387,3,-35.0,-12.5
4388,3,-35.0,-10.0
4389,3,-35.0,-7.5
4390,3,-35.0,-5.0
4391,3,-35.0,-2.5
4392,3,-35.0,0.0
4393,3,-35.0,2.5
4394,3,-35.0,5.0
4395,3,-35.0,7.5
4396,3,-35.0,10.0
4397,3,-35.0,12.5
4398,3,-35.0,15.0
4399,3,-35.0,17.5
4400,3,-35.0,20.0
4401,3,-35.0,22.5
4402,3,-35.0,25.0
4403,3,-35.0,27.5
4404,3,-35.0,30.0
4405,3,-35.0,32.5
4406,3,-35.0,35.0
4407,3,-35.0,37.5
4408,3,-35.0,40.0
4409,3,-35.0,42.5
4410,3,-35.0,45.0
4411,3,-35.0,47.5
4412,3,-35.0,50.0
4413,3,-35.0,52.5
4414,3,-35.0,55.0
4415,3,-35.0,57.5
4416,3,-35.0,60.0
4417,3,-35.0,62.5
4418,3,-35.0,65.0
4419,3,-35.0,67.5
4420,3,-35.0,70.0
4421,3,-35.0,72.5
4422,3,-35.0,75.0
4423,3,-35.0,77.5
4424,3,-35.0,80.0
4425,3,-35.0,82.5
4426,3,-35.0,85.0
4427,3,-35.0,87.5
4428,3,-35.0,90.0
4429,3,-35.0,92.5
4430,3,-35.0,95.0
4431,3,-35.0,97.5
4432,3,-35.0,100.0
4433,3,-35.0,102.5
4434,3,-35.0,105.0
4435,3,-35.0,107.5
4436,3,-35.0,110.0
4437,3,-35.0,112.5
4438,3,-35.0,115.0
4439,3,-35.0,117.5
4440,3,-35.0,120.0
4441,3,-35.0,122.5
4442,3,-35.0,125.0
4443,3,-35.0,127.5
4444,3,-35.0,130.0
4445,3,-35.0,132.5
4446,3,-35.0,135.0
4447,3,-35.0,137.5
4448,3,-35.0,140.0
4449,3,-35.0,142.5
4450,3,-35.0,145.0
4451,5,-35.0,147.5
4452,5,-35.0,150.0
4453,5,-35.0,152.5
4454,5,-35.0,155.0
4455,5,-35.0,157.5
4456,5,-35.0,160.0
4457,3,-35.0,162.5
4458,3,-35.0,165.0
4459,3,-35.0,167.5
4460,3,-35.0,170.0
4461,5,-35.0,172.5
4462,5,-35.0,175.0
4463,5,-35.0,177.5
4464,3,-37.5,-180.0
4465,3,-37.5,-177.5
4466,3,-37.5,-175.0
4467,3,-37.5,-172.5
4468,3,-37.5,-170.0
4469,5,-37.5,-167.5
4470,3,-37.5,-165.0
4471,3,-37.5,-162.5
4472,3,-37.5,-160.0
4473,3,-37.5,-157.5
4474,3,-37.5,-155.0
4475,3,-37.5,-152.5
4476,3,-37.5,-150.0
4477,3,-37.5,-147.5
4478,3,-37.5,-145.0
4479,5,-37.5,-142.5
4480,5,-37.5,-140.0
4481,5,-37.5,-137.5
4482,5,-37.5,-135.0
4483,5,-37.5,-132.5
4484,5,-37.5,-130.0
4485,5,-37.5,-127.5
4486,5,-37.5,-125.0
4487,5,-37.5,-122.5
4488,5,-37.5,-120.0
4489,5,-37.5,-117.5
4490,3,-37.5,-115.0
4491,3,-37.5,-112.5
4492,3,-37.5,-110.0
4493,3,-37.5,-107.5
4494,3,-37.5,-105.0
4495,3,-37.5,-102.5
4496,3,-37.5,-100.0
4497,3,-37.5,-97.5
4498,3,-37.5,-95.0
4499,3,-37.5,-92.5
4500,3,-37.5,-90.0
4501,3,-37.5,-87.5
4502,3,-37.5,-85.0
4503,3,-37.5,-82.5
4504,3,-37.5,-80.0
4505,3,-37.5,-77.5
4506,3,-37.5,-75.0
4507,3,-37.5,-72.5
4508,3,-37.5,-70.0
4509,3,-37.5,-67.5
4510,3,-37.5,-65.0
4511,3,-37.5,-62.5
4512,3,-37.5,-60.0
4513,3,-37.5,-57.5
4514,3,-37.5,-55.0
4515,3,-37.5,-52.5
4516,3,-37.5,-50.0
4517,3,-37.5,-47.5
4518,3,-37.5,-45.0
4519,3,-37.5,-42.5
4520,3,-37.5,-40.0
4521,3,-37.5,-37.5
4522,3,-37.5,-35.0
4523,3,-37.5,-32.5
4524,3,-37.5,-30.0
4525,3,-37.5,-27.5
4526,3,-37.5,-25.0
4527,3,-37.5,-22.5
4528,3,-37.5,-20.0
4529,3,-37.5,-17.5
4530,3,-37.5,-15.0
4531,3,-37.5,-12.5
4532,3,-37.5,-10.0
4533,3,-37.5,-7.5
4534,3,-37.5,-5.0
4535,3,-37.5,-2.5
4536,3,-37.5,0.0
4537,3,-37.5,2.5
4538,3,-37.5,5.0
4539,3,-37.5,7.5
4540,3,-37.5,10.0
4541,3,-37.5,12.5
4542,3,-37.5,15.0
4543,3,-37.5,17.5
4544,3,-37.5,20.0
4545,3,-37.5,22.5
4546,3,-37.5,25.0
4547,3,-37.5,27.5
4548,3,-37.5,30.0
4549,3,-37.5,32.5
4550,3,-37.5,35.0
4551,3,-37.5,37.5
4552,3,-37.5,40.0
4553,3,-37.5,42.5
4554,3,-37.5,45.0
4555,3,-37.5,47.5
4556,3,-37.5,50.0
4557,3,-37.5,52.5
4558,3,-37.5,55.0
4559,3,-37.5,57.5
4560,3,-37.5,60.0
4561,3,-37.5,62.5
4562,3,-37.5,65.0
4563,3,-37.5,67.5
4564,3,-37.5,70.0
4565,3,-37.5,72.5
4566,3,-37.5,75.0
4567,3,-37.5,77.5
4568,3,-37.5,80.0
4569,3,-37.5,82.5
4570,3,-37.5,85.0
4571,3,-37.5,87.5
4572,3,-37.5,90.0
4573,3,-37.5,92.5
4574,3,-37.5,95.0
4575,3,-37.5,97.5
4576,3,-37.5,100.0
4577,3,-37.5,102.5
4578,3,-37.5,105.0
4579,3,-37.5,107.5
4580,3,-37.5,110.0
4581,3,-37.5,112.5
4582,3,-37.5,115.0
4583,3,-37.5,117.5
4584,3,-37.5,120.0
4585,3,-37.5,122.5
4586,3,-37.5,125.0
4587,3,-37.5,127.5
4588,3,-37.5,130.0
4589,3,-37.5,132.5
4590,3,-37.5,135.0
4591,3,-37.5,137.5
4592,3,-37.5,140.0
4593,3,-37.5,142.5
4594,3,-37.5,145.0
4595,3,-37.5,147.5
4596,3,-37.5,150.0
4597,3,-37.5,152.5
4598,3,-37.5,155.0
4599,3,-37.5,157.5
4600,3,-37.5,160.0
4601,3,-37.5,162.5
4602,3,-37.5,165.0
4603,3,-37.5,167.5
4604,3,-37.5,170.0
4605,3,-37.5,172.5
4606,3,-37.5,175.0
4607,3,-37.5,177.5
4608,3,-40.0,-180.0
4609,3,-40.0,-177.5
4610,3,-40.0,-175.0
4611,3,-40.0,-172.5
4612,3,-40.0,-170.0
4613,3,-40.0,-167.5
4614,3,-40.0,-165.0
4615,3,-40.0,-162.5
4616,3,-40.0,-160.0
4617,3,-40.0,-157.5
4618,3,-40.0,-155.0
4619,3,-40.0,-152.5
4620,3,-40.0,-150.0
4621,3,-40.0,-147.5
4622,3,-40.0,-145.0
4623,3,-40.0,-142.5
4624,3,-40.0,-140.0
4625,3,-40.0,-137.5
4626,5,-40.0,-135.0
4627,5,-40.0,-132.5
4628,5,-40.0,-130.0
4629,5,-40.0,-127.5
4630,5,-40.0,-125.0
4631,5,-40.0,-122.5
4632,5,-40.0,-120.0
4633,5,-40.0,-117.5
4634,5,-40.0,-115.0
4635,5,-40.0,-112.5
4636,5,-40.0,-110.0
4637,3,-40.0,-107.5
4638,3,-40.0,-105.0
4639,3,-40.0,-102.5
4640,3,-40.0,-100.0
4641,3,-40.0,-97.5
4642,3,-40.0,-95.0
4643,3,-40.0,-92.5
4644,3,-40.0,-90.0
4645,3,-40.0,-87.5
4646,3,-40.0,-85.0
4647,3,-40.0,-82.5
4648,3,-40.0,-80.0
4649,3,-40.0,-77.5
4650,3,-40.0,-75.0
4651,3,-40.0,-72.5
4652,3,-40.0,-70.0
4653,3,-40.0,-67.5
4654,3,-40.0,-65.0
4655,3,-40.0,-62.5
4656,3,-40.0,-60.0
4657,3,-40.0,-57.5
4658,3,-40.0,-55.0
4659,3,-40.0,-52.5
4660,3,-40.0,-50.0
4661,3,-40.0,-47.5
4662,3,-40.0,-45.0
4663,3,-40.0,-42.5
4664,3,-40.0,-40.0
4665,3,-40.0,-37.5
4666,3,-40.0,-35.0
4667,3,-40.0,-32.5
4668,3,-40.0,-30.0
4669,3,-40.0,-27.5
4670,3,-40.0,-25.0
4671,3,-40.0,-22.5
4672,3,-40.0,-20.0
4673,3,-40.0,-17.5
4674,3,-40.0,-15.0
4675,3,-40.0,-12.5
4676,3,-40.0,-10.0
4677,3,-40.0,-7.5
4678,3,-40.0,-5.0
4679,3,-40.0,-2.5
4680,3,-40.0,0.0
4681,3,-40.0,2.5
4682,3,-40.0,5.0
4683,3,-40.0,7.5
4684,3,-40.0,10.0
4685,3,-40.0,12.5
4686,3,-40.0,15.0
4687,3,-40.0,17.5
4688,3,-40.0,20.0
4689,3,-40.0,22.5
4690,3,-40.0,25.0
4691,3,-40.0,27.5
4692,3,-40.0,30.0
4693,3,-40.0,32.5
4694,3,-40.0,35.0
4695,3,-40.0,37.5
4696,3,-40.0,40.0
4697,3,-40.0,42.5
4698,3,-40.0,45.0
4699,3,-40.0,47.5
4700,3,-40.0,50.0
4701,3,-40.0,52.5
4702,3,-40.0,55.0
4703,3,-40.0,57.5
4704,3,-40.0,60.0
4705,3,-40.0,62.5
4706,3,-40.0,65.0
4707,3,-40.0,67.5
4708,3,-40.0,70.0
4709,3,-40.0,72.5
4710,3,-40.0,75.0
4711,3,-40.0,77.5
4712,3,-40.0,80.0
4713,3,-40.0,82.5
4714,3,-40.0,85.0
4715,3,-40.0,87.5
4716,3,-40.0,90.0
4717,3,-40.0,92.5
4718,3,-40.0,95.0
4719,3,-40.0,97.5
4720,3,-40.0,100.0
4721,3,-40.0,102.5
4722,3,-40.0,105.0
4723,3,-40.0,107.5
4724,3,-40.0,110.0
4725,3,-40.0,112.5
4726,3,-40.0,115.0
4727,3,-40.0,117.5
4728,3,-40.0,120.0
4729,3,-40.0,122.5
4730,3,-40.0,125.0
4731,3,-40.0,127.5
4732,3,-40.0,130.0
4733,3,-40.0,132.5
4734,3,-40.0,135.0
4735,3,-40.0,137.5
4736,3,-40.0,140.0
4737,3,-40.0,142.5
4738,3,-40.0,145.0
4739,3,-40.0,147.5
4740,3,-40.0,150.0
4741,3,-40.0,152.5
4742,3,-40.0,155.0
4743,3,-40.0,157.5
4744,3,-40.0,160.0
4745,3,-40.0,162.5
4746,3,-40.0,165.0
4747,3,-40.0,167.5
4748,3,-40.0,170.0
4749,3,-40.0,172.5
4750,3,-40.0,175.0
4751,3,-40.0,177.5
